-61,36,QWtyViMw8wczvtj1Wiarf82NgWk=,coiKmiYGDekIvVODgIG8/ME3m1s=
-61,35,QWtyViMw8wczvtj1Wiarf82NgWk=,coiKmiYGDekIvVODgIG8/ME3m1s=
-60,35,QWtyViMw8wczvtj1Wiarf82NgWk=,coiKmiYGDekIvVODgIG8/ME3m1s=
-60,36,QWtyViMw8wczvtj1Wiarf82NgWk=,coiKmiYGDekIvVODgIG8/ME3m1s=
-61,39,r9c+6XHJ5zhh3QIpCvj5spW812M=,coiKmiYGDekIvVODgIG8/ME3m1s=
-60,39,r9c+6XHJ5zhh3QIpCvj5spW812M=,coiKmiYGDekIvVODgIG8/ME3m1s=
-61,43,r9c+6XHJ5zhh3QIpCvj5spW812M=,3jgJ42jLYKaOKoN78Pc6/tMCJfo=
-60,43,r9c+6XHJ5zhh3QIpCvj5spW812M=,3jgJ42jLYKaOKoN78Pc6/tMCJfo=
-61,44,r9c+6XHJ5zhh3QIpCvj5spW812M=,3jgJ42jLYKaOKoN78Pc6/tMCJfo=
-60,44,r9c+6XHJ5zhh3QIpCvj5spW812M=,3jgJ42jLYKaOKoN78Pc6/tMCJfo=
-61,40,r9c+6XHJ5zhh3QIpCvj5spW812M=,3jgJ42jLYKaOKoN78Pc6/tMCJfo=
-61,42,r9c+6XHJ5zhh3QIpCvj5spW812M=,3jgJ42jLYKaOKoN78Pc6/tMCJfo=
-60,42,r9c+6XHJ5zhh3QIpCvj5spW812M=,3jgJ42jLYKaOKoN78Pc6/tMCJfo=
-60,40,r9c+6XHJ5zhh3QIpCvj5spW812M=,3jgJ42jLYKaOKoN78Pc6/tMCJfo=
-61,37,r9c+6XHJ5zhh3QIpCvj5spW812M=,coiKmiYGDekIvVODgIG8/ME3m1s=
-61,41,r9c+6XHJ5zhh3QIpCvj5spW812M=,3jgJ42jLYKaOKoN78Pc6/tMCJfo=
-61,38,r9c+6XHJ5zhh3QIpCvj5spW812M=,coiKmiYGDekIvVODgIG8/ME3m1s=
-60,38,r9c+6XHJ5zhh3QIpCvj5spW812M=,coiKmiYGDekIvVODgIG8/ME3m1s=
-60,37,r9c+6XHJ5zhh3QIpCvj5spW812M=,coiKmiYGDekIvVODgIG8/ME3m1s=
-60,41,r9c+6XHJ5zhh3QIpCvj5spW812M=,3jgJ42jLYKaOKoN78Pc6/tMCJfo=
-52,35,r9c+6XHJ5zhh3QIpCvj5spW812M=,NG+yMnlXzDiksCPgiXEeBUGBkms=
-56,36,r9c+6XHJ5zhh3QIpCvj5spW812M=,NG+yMnlXzDiksCPgiXEeBUGBkms=
-55,36,r9c+6XHJ5zhh3QIpCvj5spW812M=,NG+yMnlXzDiksCPgiXEeBUGBkms=
-54,36,r9c+6XHJ5zhh3QIpCvj5spW812M=,NG+yMnlXzDiksCPgiXEeBUGBkms=
-53,36,r9c+6XHJ5zhh3QIpCvj5spW812M=,NG+yMnlXzDiksCPgiXEeBUGBkms=
-52,36,r9c+6XHJ5zhh3QIpCvj5spW812M=,NG+yMnlXzDiksCPgiXEeBUGBkms=
-59,36,r9c+6XHJ5zhh3QIpCvj5spW812M=,coiKmiYGDekIvVODgIG8/ME3m1s=
-58,36,r9c+6XHJ5zhh3QIpCvj5spW812M=,coiKmiYGDekIvVODgIG8/ME3m1s=
-57,36,r9c+6XHJ5zhh3QIpCvj5spW812M=,coiKmiYGDekIvVODgIG8/ME3m1s=
-59,35,r9c+6XHJ5zhh3QIpCvj5spW812M=,coiKmiYGDekIvVODgIG8/ME3m1s=
-53,35,r9c+6XHJ5zhh3QIpCvj5spW812M=,NG+yMnlXzDiksCPgiXEeBUGBkms=
-54,35,r9c+6XHJ5zhh3QIpCvj5spW812M=,NG+yMnlXzDiksCPgiXEeBUGBkms=
-55,35,r9c+6XHJ5zhh3QIpCvj5spW812M=,NG+yMnlXzDiksCPgiXEeBUGBkms=
-56,35,r9c+6XHJ5zhh3QIpCvj5spW812M=,NG+yMnlXzDiksCPgiXEeBUGBkms=
-58,35,r9c+6XHJ5zhh3QIpCvj5spW812M=,coiKmiYGDekIvVODgIG8/ME3m1s=
-57,35,r9c+6XHJ5zhh3QIpCvj5spW812M=,coiKmiYGDekIvVODgIG8/ME3m1s=
-52,37,r9c+6XHJ5zhh3QIpCvj5spW812M=,NG+yMnlXzDiksCPgiXEeBUGBkms=
-52,43,r9c+6XHJ5zhh3QIpCvj5spW812M=,lqJ6MMjaeJW5RjhS7UL1vxUlf2s=
-57,37,r9c+6XHJ5zhh3QIpCvj5spW812M=,coiKmiYGDekIvVODgIG8/ME3m1s=
-54,43,r9c+6XHJ5zhh3QIpCvj5spW812M=,lqJ6MMjaeJW5RjhS7UL1vxUlf2s=
-53,37,r9c+6XHJ5zhh3QIpCvj5spW812M=,NG+yMnlXzDiksCPgiXEeBUGBkms=
-53,43,r9c+6XHJ5zhh3QIpCvj5spW812M=,lqJ6MMjaeJW5RjhS7UL1vxUlf2s=
-58,37,r9c+6XHJ5zhh3QIpCvj5spW812M=,coiKmiYGDekIvVODgIG8/ME3m1s=
-59,37,r9c+6XHJ5zhh3QIpCvj5spW812M=,coiKmiYGDekIvVODgIG8/ME3m1s=
-53,39,r9c+6XHJ5zhh3QIpCvj5spW812M=,NG+yMnlXzDiksCPgiXEeBUGBkms=
-56,38,r9c+6XHJ5zhh3QIpCvj5spW812M=,NG+yMnlXzDiksCPgiXEeBUGBkms=
-56,43,r9c+6XHJ5zhh3QIpCvj5spW812M=,lqJ6MMjaeJW5RjhS7UL1vxUlf2s=
-58,38,r9c+6XHJ5zhh3QIpCvj5spW812M=,coiKmiYGDekIvVODgIG8/ME3m1s=
-57,38,r9c+6XHJ5zhh3QIpCvj5spW812M=,coiKmiYGDekIvVODgIG8/ME3m1s=
-54,37,r9c+6XHJ5zhh3QIpCvj5spW812M=,NG+yMnlXzDiksCPgiXEeBUGBkms=
-59,38,r9c+6XHJ5zhh3QIpCvj5spW812M=,coiKmiYGDekIvVODgIG8/ME3m1s=
-57,41,r9c+6XHJ5zhh3QIpCvj5spW812M=,3jgJ42jLYKaOKoN78Pc6/tMCJfo=
-55,43,r9c+6XHJ5zhh3QIpCvj5spW812M=,lqJ6MMjaeJW5RjhS7UL1vxUlf2s=
-58,41,r9c+6XHJ5zhh3QIpCvj5spW812M=,3jgJ42jLYKaOKoN78Pc6/tMCJfo=
-59,41,r9c+6XHJ5zhh3QIpCvj5spW812M=,3jgJ42jLYKaOKoN78Pc6/tMCJfo=
-49,44,r9c+6XHJ5zhh3QIpCvj5spW812M=,lqJ6MMjaeJW5RjhS7UL1vxUlf2s=
-55,37,r9c+6XHJ5zhh3QIpCvj5spW812M=,NG+yMnlXzDiksCPgiXEeBUGBkms=
-56,37,r9c+6XHJ5zhh3QIpCvj5spW812M=,NG+yMnlXzDiksCPgiXEeBUGBkms=
-58,42,r9c+6XHJ5zhh3QIpCvj5spW812M=,3jgJ42jLYKaOKoN78Pc6/tMCJfo=
-52,42,r9c+6XHJ5zhh3QIpCvj5spW812M=,lqJ6MMjaeJW5RjhS7UL1vxUlf2s=
-53,42,r9c+6XHJ5zhh3QIpCvj5spW812M=,lqJ6MMjaeJW5RjhS7UL1vxUlf2s=
-56,42,r9c+6XHJ5zhh3QIpCvj5spW812M=,lqJ6MMjaeJW5RjhS7UL1vxUlf2s=
-52,41,r9c+6XHJ5zhh3QIpCvj5spW812M=,lqJ6MMjaeJW5RjhS7UL1vxUlf2s=
-55,42,r9c+6XHJ5zhh3QIpCvj5spW812M=,lqJ6MMjaeJW5RjhS7UL1vxUlf2s=
-53,41,r9c+6XHJ5zhh3QIpCvj5spW812M=,lqJ6MMjaeJW5RjhS7UL1vxUlf2s=
-58,40,r9c+6XHJ5zhh3QIpCvj5spW812M=,3jgJ42jLYKaOKoN78Pc6/tMCJfo=
-57,40,r9c+6XHJ5zhh3QIpCvj5spW812M=,3jgJ42jLYKaOKoN78Pc6/tMCJfo=
-54,41,r9c+6XHJ5zhh3QIpCvj5spW812M=,lqJ6MMjaeJW5RjhS7UL1vxUlf2s=
-57,44,r9c+6XHJ5zhh3QIpCvj5spW812M=,3jgJ42jLYKaOKoN78Pc6/tMCJfo=
-58,44,r9c+6XHJ5zhh3QIpCvj5spW812M=,3jgJ42jLYKaOKoN78Pc6/tMCJfo=
-59,40,r9c+6XHJ5zhh3QIpCvj5spW812M=,3jgJ42jLYKaOKoN78Pc6/tMCJfo=
-52,39,r9c+6XHJ5zhh3QIpCvj5spW812M=,NG+yMnlXzDiksCPgiXEeBUGBkms=
-54,39,r9c+6XHJ5zhh3QIpCvj5spW812M=,NG+yMnlXzDiksCPgiXEeBUGBkms=
-55,39,r9c+6XHJ5zhh3QIpCvj5spW812M=,NG+yMnlXzDiksCPgiXEeBUGBkms=
-50,44,r9c+6XHJ5zhh3QIpCvj5spW812M=,lqJ6MMjaeJW5RjhS7UL1vxUlf2s=
-54,42,r9c+6XHJ5zhh3QIpCvj5spW812M=,lqJ6MMjaeJW5RjhS7UL1vxUlf2s=
-59,42,r9c+6XHJ5zhh3QIpCvj5spW812M=,3jgJ42jLYKaOKoN78Pc6/tMCJfo=
-59,44,r9c+6XHJ5zhh3QIpCvj5spW812M=,3jgJ42jLYKaOKoN78Pc6/tMCJfo=
-52,44,r9c+6XHJ5zhh3QIpCvj5spW812M=,lqJ6MMjaeJW5RjhS7UL1vxUlf2s=
-51,44,r9c+6XHJ5zhh3QIpCvj5spW812M=,lqJ6MMjaeJW5RjhS7UL1vxUlf2s=
-54,44,r9c+6XHJ5zhh3QIpCvj5spW812M=,lqJ6MMjaeJW5RjhS7UL1vxUlf2s=
-56,41,r9c+6XHJ5zhh3QIpCvj5spW812M=,lqJ6MMjaeJW5RjhS7UL1vxUlf2s=
-56,39,r9c+6XHJ5zhh3QIpCvj5spW812M=,NG+yMnlXzDiksCPgiXEeBUGBkms=
-55,44,r9c+6XHJ5zhh3QIpCvj5spW812M=,lqJ6MMjaeJW5RjhS7UL1vxUlf2s=
-53,44,r9c+6XHJ5zhh3QIpCvj5spW812M=,lqJ6MMjaeJW5RjhS7UL1vxUlf2s=
-55,41,r9c+6XHJ5zhh3QIpCvj5spW812M=,lqJ6MMjaeJW5RjhS7UL1vxUlf2s=
-57,43,r9c+6XHJ5zhh3QIpCvj5spW812M=,3jgJ42jLYKaOKoN78Pc6/tMCJfo=
-49,43,r9c+6XHJ5zhh3QIpCvj5spW812M=,lqJ6MMjaeJW5RjhS7UL1vxUlf2s=
-58,43,r9c+6XHJ5zhh3QIpCvj5spW812M=,3jgJ42jLYKaOKoN78Pc6/tMCJfo=
-52,40,r9c+6XHJ5zhh3QIpCvj5spW812M=,lqJ6MMjaeJW5RjhS7UL1vxUlf2s=
-56,44,r9c+6XHJ5zhh3QIpCvj5spW812M=,lqJ6MMjaeJW5RjhS7UL1vxUlf2s=
-50,43,r9c+6XHJ5zhh3QIpCvj5spW812M=,lqJ6MMjaeJW5RjhS7UL1vxUlf2s=
-54,40,r9c+6XHJ5zhh3QIpCvj5spW812M=,lqJ6MMjaeJW5RjhS7UL1vxUlf2s=
-57,39,r9c+6XHJ5zhh3QIpCvj5spW812M=,coiKmiYGDekIvVODgIG8/ME3m1s=
-53,40,r9c+6XHJ5zhh3QIpCvj5spW812M=,lqJ6MMjaeJW5RjhS7UL1vxUlf2s=
-55,40,r9c+6XHJ5zhh3QIpCvj5spW812M=,lqJ6MMjaeJW5RjhS7UL1vxUlf2s=
-58,39,r9c+6XHJ5zhh3QIpCvj5spW812M=,coiKmiYGDekIvVODgIG8/ME3m1s=
-56,40,r9c+6XHJ5zhh3QIpCvj5spW812M=,lqJ6MMjaeJW5RjhS7UL1vxUlf2s=
-52,47,r9c+6XHJ5zhh3QIpCvj5spW812M=,lqJ6MMjaeJW5RjhS7UL1vxUlf2s=
-53,47,r9c+6XHJ5zhh3QIpCvj5spW812M=,lqJ6MMjaeJW5RjhS7UL1vxUlf2s=
-59,39,r9c+6XHJ5zhh3QIpCvj5spW812M=,coiKmiYGDekIvVODgIG8/ME3m1s=
-57,42,r9c+6XHJ5zhh3QIpCvj5spW812M=,3jgJ42jLYKaOKoN78Pc6/tMCJfo=
-51,43,r9c+6XHJ5zhh3QIpCvj5spW812M=,lqJ6MMjaeJW5RjhS7UL1vxUlf2s=
-52,45,r9c+6XHJ5zhh3QIpCvj5spW812M=,lqJ6MMjaeJW5RjhS7UL1vxUlf2s=
-54,38,r9c+6XHJ5zhh3QIpCvj5spW812M=,NG+yMnlXzDiksCPgiXEeBUGBkms=
-53,38,r9c+6XHJ5zhh3QIpCvj5spW812M=,NG+yMnlXzDiksCPgiXEeBUGBkms=
-52,46,r9c+6XHJ5zhh3QIpCvj5spW812M=,lqJ6MMjaeJW5RjhS7UL1vxUlf2s=
-49,42,r9c+6XHJ5zhh3QIpCvj5spW812M=,lqJ6MMjaeJW5RjhS7UL1vxUlf2s=
-52,38,r9c+6XHJ5zhh3QIpCvj5spW812M=,NG+yMnlXzDiksCPgiXEeBUGBkms=
-50,42,r9c+6XHJ5zhh3QIpCvj5spW812M=,lqJ6MMjaeJW5RjhS7UL1vxUlf2s=
-49,36,r9c+6XHJ5zhh3QIpCvj5spW812M=,NG+yMnlXzDiksCPgiXEeBUGBkms=
-53,46,r9c+6XHJ5zhh3QIpCvj5spW812M=,lqJ6MMjaeJW5RjhS7UL1vxUlf2s=
-51,37,r9c+6XHJ5zhh3QIpCvj5spW812M=,NG+yMnlXzDiksCPgiXEeBUGBkms=
-50,37,r9c+6XHJ5zhh3QIpCvj5spW812M=,NG+yMnlXzDiksCPgiXEeBUGBkms=
-49,37,r9c+6XHJ5zhh3QIpCvj5spW812M=,NG+yMnlXzDiksCPgiXEeBUGBkms=
-49,39,r9c+6XHJ5zhh3QIpCvj5spW812M=,NG+yMnlXzDiksCPgiXEeBUGBkms=
-50,36,r9c+6XHJ5zhh3QIpCvj5spW812M=,NG+yMnlXzDiksCPgiXEeBUGBkms=
-51,36,r9c+6XHJ5zhh3QIpCvj5spW812M=,NG+yMnlXzDiksCPgiXEeBUGBkms=
-59,43,r9c+6XHJ5zhh3QIpCvj5spW812M=,3jgJ42jLYKaOKoN78Pc6/tMCJfo=
-50,41,r9c+6XHJ5zhh3QIpCvj5spW812M=,lqJ6MMjaeJW5RjhS7UL1vxUlf2s=
-49,40,r9c+6XHJ5zhh3QIpCvj5spW812M=,lqJ6MMjaeJW5RjhS7UL1vxUlf2s=
-49,35,r9c+6XHJ5zhh3QIpCvj5spW812M=,NG+yMnlXzDiksCPgiXEeBUGBkms=
-50,35,r9c+6XHJ5zhh3QIpCvj5spW812M=,NG+yMnlXzDiksCPgiXEeBUGBkms=
-49,38,r9c+6XHJ5zhh3QIpCvj5spW812M=,NG+yMnlXzDiksCPgiXEeBUGBkms=
-51,35,r9c+6XHJ5zhh3QIpCvj5spW812M=,NG+yMnlXzDiksCPgiXEeBUGBkms=
-50,38,r9c+6XHJ5zhh3QIpCvj5spW812M=,NG+yMnlXzDiksCPgiXEeBUGBkms=
-49,41,r9c+6XHJ5zhh3QIpCvj5spW812M=,lqJ6MMjaeJW5RjhS7UL1vxUlf2s=
-55,38,r9c+6XHJ5zhh3QIpCvj5spW812M=,NG+yMnlXzDiksCPgiXEeBUGBkms=
-53,45,r9c+6XHJ5zhh3QIpCvj5spW812M=,lqJ6MMjaeJW5RjhS7UL1vxUlf2s=
-50,40,r9c+6XHJ5zhh3QIpCvj5spW812M=,lqJ6MMjaeJW5RjhS7UL1vxUlf2s=
-51,42,r9c+6XHJ5zhh3QIpCvj5spW812M=,lqJ6MMjaeJW5RjhS7UL1vxUlf2s=
-51,38,r9c+6XHJ5zhh3QIpCvj5spW812M=,NG+yMnlXzDiksCPgiXEeBUGBkms=
-51,39,r9c+6XHJ5zhh3QIpCvj5spW812M=,NG+yMnlXzDiksCPgiXEeBUGBkms=
-51,41,r9c+6XHJ5zhh3QIpCvj5spW812M=,lqJ6MMjaeJW5RjhS7UL1vxUlf2s=
-51,40,r9c+6XHJ5zhh3QIpCvj5spW812M=,lqJ6MMjaeJW5RjhS7UL1vxUlf2s=
-52,34,r9c+6XHJ5zhh3QIpCvj5spW812M=,NG+yMnlXzDiksCPgiXEeBUGBkms=
-53,34,r9c+6XHJ5zhh3QIpCvj5spW812M=,NG+yMnlXzDiksCPgiXEeBUGBkms=
-52,33,r9c+6XHJ5zhh3QIpCvj5spW812M=,NG+yMnlXzDiksCPgiXEeBUGBkms=
-53,32,r9c+6XHJ5zhh3QIpCvj5spW812M=,NG+yMnlXzDiksCPgiXEeBUGBkms=
-53,33,r9c+6XHJ5zhh3QIpCvj5spW812M=,NG+yMnlXzDiksCPgiXEeBUGBkms=
-52,32,r9c+6XHJ5zhh3QIpCvj5spW812M=,NG+yMnlXzDiksCPgiXEeBUGBkms=
-63,36,r9c+6XHJ5zhh3QIpCvj5spW812M=,coiKmiYGDekIvVODgIG8/ME3m1s=
-62,36,r9c+6XHJ5zhh3QIpCvj5spW812M=,coiKmiYGDekIvVODgIG8/ME3m1s=
-64,36,r9c+6XHJ5zhh3QIpCvj5spW812M=,coiKmiYGDekIvVODgIG8/ME3m1s=
-64,35,r9c+6XHJ5zhh3QIpCvj5spW812M=,coiKmiYGDekIvVODgIG8/ME3m1s=
-63,35,r9c+6XHJ5zhh3QIpCvj5spW812M=,coiKmiYGDekIvVODgIG8/ME3m1s=
-62,35,r9c+6XHJ5zhh3QIpCvj5spW812M=,coiKmiYGDekIvVODgIG8/ME3m1s=
-50,39,r9c+6XHJ5zhh3QIpCvj5spW812M=,NG+yMnlXzDiksCPgiXEeBUGBkms=
-51,45,r9c+6XHJ5zhh3QIpCvj5spW812M=,lqJ6MMjaeJW5RjhS7UL1vxUlf2s=
-51,47,r9c+6XHJ5zhh3QIpCvj5spW812M=,lqJ6MMjaeJW5RjhS7UL1vxUlf2s=
-50,47,r9c+6XHJ5zhh3QIpCvj5spW812M=,lqJ6MMjaeJW5RjhS7UL1vxUlf2s=
-49,46,r9c+6XHJ5zhh3QIpCvj5spW812M=,lqJ6MMjaeJW5RjhS7UL1vxUlf2s=
-50,46,r9c+6XHJ5zhh3QIpCvj5spW812M=,lqJ6MMjaeJW5RjhS7UL1vxUlf2s=
-50,45,r9c+6XHJ5zhh3QIpCvj5spW812M=,lqJ6MMjaeJW5RjhS7UL1vxUlf2s=
-49,45,r9c+6XHJ5zhh3QIpCvj5spW812M=,lqJ6MMjaeJW5RjhS7UL1vxUlf2s=
-51,46,r9c+6XHJ5zhh3QIpCvj5spW812M=,lqJ6MMjaeJW5RjhS7UL1vxUlf2s=
-49,47,r9c+6XHJ5zhh3QIpCvj5spW812M=,lqJ6MMjaeJW5RjhS7UL1vxUlf2s=
-49,34,r9c+6XHJ5zhh3QIpCvj5spW812M=,NG+yMnlXzDiksCPgiXEeBUGBkms=
-51,34,r9c+6XHJ5zhh3QIpCvj5spW812M=,NG+yMnlXzDiksCPgiXEeBUGBkms=
-50,34,r9c+6XHJ5zhh3QIpCvj5spW812M=,NG+yMnlXzDiksCPgiXEeBUGBkms=
-51,32,r9c+6XHJ5zhh3QIpCvj5spW812M=,NG+yMnlXzDiksCPgiXEeBUGBkms=
-49,32,r9c+6XHJ5zhh3QIpCvj5spW812M=,NG+yMnlXzDiksCPgiXEeBUGBkms=
-50,33,r9c+6XHJ5zhh3QIpCvj5spW812M=,NG+yMnlXzDiksCPgiXEeBUGBkms=
-49,33,r9c+6XHJ5zhh3QIpCvj5spW812M=,NG+yMnlXzDiksCPgiXEeBUGBkms=
-51,33,r9c+6XHJ5zhh3QIpCvj5spW812M=,NG+yMnlXzDiksCPgiXEeBUGBkms=
-50,32,r9c+6XHJ5zhh3QIpCvj5spW812M=,NG+yMnlXzDiksCPgiXEeBUGBkms=
-63,33,r9c+6XHJ5zhh3QIpCvj5spW812M=,coiKmiYGDekIvVODgIG8/ME3m1s=
-62,33,r9c+6XHJ5zhh3QIpCvj5spW812M=,coiKmiYGDekIvVODgIG8/ME3m1s=
-64,32,r9c+6XHJ5zhh3QIpCvj5spW812M=,coiKmiYGDekIvVODgIG8/ME3m1s=
-63,32,r9c+6XHJ5zhh3QIpCvj5spW812M=,coiKmiYGDekIvVODgIG8/ME3m1s=
-62,32,r9c+6XHJ5zhh3QIpCvj5spW812M=,coiKmiYGDekIvVODgIG8/ME3m1s=
-60,32,r9c+6XHJ5zhh3QIpCvj5spW812M=,coiKmiYGDekIvVODgIG8/ME3m1s=
-61,32,r9c+6XHJ5zhh3QIpCvj5spW812M=,coiKmiYGDekIvVODgIG8/ME3m1s=
-62,34,r9c+6XHJ5zhh3QIpCvj5spW812M=,coiKmiYGDekIvVODgIG8/ME3m1s=
-61,33,r9c+6XHJ5zhh3QIpCvj5spW812M=,coiKmiYGDekIvVODgIG8/ME3m1s=
-63,34,r9c+6XHJ5zhh3QIpCvj5spW812M=,coiKmiYGDekIvVODgIG8/ME3m1s=
-64,33,r9c+6XHJ5zhh3QIpCvj5spW812M=,coiKmiYGDekIvVODgIG8/ME3m1s=
-64,34,r9c+6XHJ5zhh3QIpCvj5spW812M=,coiKmiYGDekIvVODgIG8/ME3m1s=
-63,39,r9c+6XHJ5zhh3QIpCvj5spW812M=,coiKmiYGDekIvVODgIG8/ME3m1s=
-62,39,r9c+6XHJ5zhh3QIpCvj5spW812M=,coiKmiYGDekIvVODgIG8/ME3m1s=
-63,42,r9c+6XHJ5zhh3QIpCvj5spW812M=,3jgJ42jLYKaOKoN78Pc6/tMCJfo=
-63,43,r9c+6XHJ5zhh3QIpCvj5spW812M=,3jgJ42jLYKaOKoN78Pc6/tMCJfo=
-64,43,r9c+6XHJ5zhh3QIpCvj5spW812M=,3jgJ42jLYKaOKoN78Pc6/tMCJfo=
-64,38,r9c+6XHJ5zhh3QIpCvj5spW812M=,coiKmiYGDekIvVODgIG8/ME3m1s=
-63,38,r9c+6XHJ5zhh3QIpCvj5spW812M=,coiKmiYGDekIvVODgIG8/ME3m1s=
-62,43,r9c+6XHJ5zhh3QIpCvj5spW812M=,3jgJ42jLYKaOKoN78Pc6/tMCJfo=
-64,44,r9c+6XHJ5zhh3QIpCvj5spW812M=,3jgJ42jLYKaOKoN78Pc6/tMCJfo=
-63,44,r9c+6XHJ5zhh3QIpCvj5spW812M=,3jgJ42jLYKaOKoN78Pc6/tMCJfo=
-64,40,r9c+6XHJ5zhh3QIpCvj5spW812M=,3jgJ42jLYKaOKoN78Pc6/tMCJfo=
-63,40,r9c+6XHJ5zhh3QIpCvj5spW812M=,3jgJ42jLYKaOKoN78Pc6/tMCJfo=
-64,39,r9c+6XHJ5zhh3QIpCvj5spW812M=,coiKmiYGDekIvVODgIG8/ME3m1s=
-62,44,r9c+6XHJ5zhh3QIpCvj5spW812M=,3jgJ42jLYKaOKoN78Pc6/tMCJfo=
-62,40,r9c+6XHJ5zhh3QIpCvj5spW812M=,3jgJ42jLYKaOKoN78Pc6/tMCJfo=
-62,42,r9c+6XHJ5zhh3QIpCvj5spW812M=,3jgJ42jLYKaOKoN78Pc6/tMCJfo=
-64,41,r9c+6XHJ5zhh3QIpCvj5spW812M=,3jgJ42jLYKaOKoN78Pc6/tMCJfo=
-63,41,r9c+6XHJ5zhh3QIpCvj5spW812M=,3jgJ42jLYKaOKoN78Pc6/tMCJfo=
-62,38,r9c+6XHJ5zhh3QIpCvj5spW812M=,coiKmiYGDekIvVODgIG8/ME3m1s=
-64,37,r9c+6XHJ5zhh3QIpCvj5spW812M=,coiKmiYGDekIvVODgIG8/ME3m1s=
-62,37,r9c+6XHJ5zhh3QIpCvj5spW812M=,coiKmiYGDekIvVODgIG8/ME3m1s=
-63,37,r9c+6XHJ5zhh3QIpCvj5spW812M=,coiKmiYGDekIvVODgIG8/ME3m1s=
-62,41,r9c+6XHJ5zhh3QIpCvj5spW812M=,3jgJ42jLYKaOKoN78Pc6/tMCJfo=
-58,34,r9c+6XHJ5zhh3QIpCvj5spW812M=,coiKmiYGDekIvVODgIG8/ME3m1s=
-64,42,r9c+6XHJ5zhh3QIpCvj5spW812M=,3jgJ42jLYKaOKoN78Pc6/tMCJfo=
-54,34,r9c+6XHJ5zhh3QIpCvj5spW812M=,NG+yMnlXzDiksCPgiXEeBUGBkms=
-61,34,r9c+6XHJ5zhh3QIpCvj5spW812M=,coiKmiYGDekIvVODgIG8/ME3m1s=
-60,34,r9c+6XHJ5zhh3QIpCvj5spW812M=,coiKmiYGDekIvVODgIG8/ME3m1s=
-57,34,r9c+6XHJ5zhh3QIpCvj5spW812M=,coiKmiYGDekIvVODgIG8/ME3m1s=
-56,34,r9c+6XHJ5zhh3QIpCvj5spW812M=,NG+yMnlXzDiksCPgiXEeBUGBkms=
-59,32,r9c+6XHJ5zhh3QIpCvj5spW812M=,coiKmiYGDekIvVODgIG8/ME3m1s=
-60,33,r9c+6XHJ5zhh3QIpCvj5spW812M=,coiKmiYGDekIvVODgIG8/ME3m1s=
-56,32,r9c+6XHJ5zhh3QIpCvj5spW812M=,NG+yMnlXzDiksCPgiXEeBUGBkms=
-58,32,r9c+6XHJ5zhh3QIpCvj5spW812M=,coiKmiYGDekIvVODgIG8/ME3m1s=
-57,32,r9c+6XHJ5zhh3QIpCvj5spW812M=,coiKmiYGDekIvVODgIG8/ME3m1s=
-54,33,r9c+6XHJ5zhh3QIpCvj5spW812M=,NG+yMnlXzDiksCPgiXEeBUGBkms=
-59,34,r9c+6XHJ5zhh3QIpCvj5spW812M=,coiKmiYGDekIvVODgIG8/ME3m1s=
-58,33,r9c+6XHJ5zhh3QIpCvj5spW812M=,coiKmiYGDekIvVODgIG8/ME3m1s=
-55,34,r9c+6XHJ5zhh3QIpCvj5spW812M=,NG+yMnlXzDiksCPgiXEeBUGBkms=
-56,33,r9c+6XHJ5zhh3QIpCvj5spW812M=,NG+yMnlXzDiksCPgiXEeBUGBkms=
-55,33,r9c+6XHJ5zhh3QIpCvj5spW812M=,NG+yMnlXzDiksCPgiXEeBUGBkms=
-59,33,r9c+6XHJ5zhh3QIpCvj5spW812M=,coiKmiYGDekIvVODgIG8/ME3m1s=
-57,33,r9c+6XHJ5zhh3QIpCvj5spW812M=,coiKmiYGDekIvVODgIG8/ME3m1s=
-54,32,r9c+6XHJ5zhh3QIpCvj5spW812M=,NG+yMnlXzDiksCPgiXEeBUGBkms=
-62,45,r9c+6XHJ5zhh3QIpCvj5spW812M=,3jgJ42jLYKaOKoN78Pc6/tMCJfo=
-64,45,r9c+6XHJ5zhh3QIpCvj5spW812M=,3jgJ42jLYKaOKoN78Pc6/tMCJfo=
-63,45,r9c+6XHJ5zhh3QIpCvj5spW812M=,3jgJ42jLYKaOKoN78Pc6/tMCJfo=
-61,45,r9c+6XHJ5zhh3QIpCvj5spW812M=,3jgJ42jLYKaOKoN78Pc6/tMCJfo=
-55,32,r9c+6XHJ5zhh3QIpCvj5spW812M=,NG+yMnlXzDiksCPgiXEeBUGBkms=
-58,45,r9c+6XHJ5zhh3QIpCvj5spW812M=,3jgJ42jLYKaOKoN78Pc6/tMCJfo=
-60,45,r9c+6XHJ5zhh3QIpCvj5spW812M=,3jgJ42jLYKaOKoN78Pc6/tMCJfo=
-59,45,r9c+6XHJ5zhh3QIpCvj5spW812M=,3jgJ42jLYKaOKoN78Pc6/tMCJfo=
-55,47,r9c+6XHJ5zhh3QIpCvj5spW812M=,lqJ6MMjaeJW5RjhS7UL1vxUlf2s=
-54,47,r9c+6XHJ5zhh3QIpCvj5spW812M=,lqJ6MMjaeJW5RjhS7UL1vxUlf2s=
-56,45,r9c+6XHJ5zhh3QIpCvj5spW812M=,lqJ6MMjaeJW5RjhS7UL1vxUlf2s=
-55,45,r9c+6XHJ5zhh3QIpCvj5spW812M=,lqJ6MMjaeJW5RjhS7UL1vxUlf2s=
-59,46,r9c+6XHJ5zhh3QIpCvj5spW812M=,3jgJ42jLYKaOKoN78Pc6/tMCJfo=
-56,46,r9c+6XHJ5zhh3QIpCvj5spW812M=,lqJ6MMjaeJW5RjhS7UL1vxUlf2s=
-54,45,r9c+6XHJ5zhh3QIpCvj5spW812M=,lqJ6MMjaeJW5RjhS7UL1vxUlf2s=
-54,46,r9c+6XHJ5zhh3QIpCvj5spW812M=,lqJ6MMjaeJW5RjhS7UL1vxUlf2s=
-56,47,r9c+6XHJ5zhh3QIpCvj5spW812M=,lqJ6MMjaeJW5RjhS7UL1vxUlf2s=
-58,47,r9c+6XHJ5zhh3QIpCvj5spW812M=,3jgJ42jLYKaOKoN78Pc6/tMCJfo=
-61,46,r9c+6XHJ5zhh3QIpCvj5spW812M=,3jgJ42jLYKaOKoN78Pc6/tMCJfo=
-57,47,r9c+6XHJ5zhh3QIpCvj5spW812M=,3jgJ42jLYKaOKoN78Pc6/tMCJfo=
-60,47,r9c+6XHJ5zhh3QIpCvj5spW812M=,3jgJ42jLYKaOKoN78Pc6/tMCJfo=
-64,46,r9c+6XHJ5zhh3QIpCvj5spW812M=,3jgJ42jLYKaOKoN78Pc6/tMCJfo=
-59,47,r9c+6XHJ5zhh3QIpCvj5spW812M=,3jgJ42jLYKaOKoN78Pc6/tMCJfo=
-58,46,r9c+6XHJ5zhh3QIpCvj5spW812M=,3jgJ42jLYKaOKoN78Pc6/tMCJfo=
-63,46,r9c+6XHJ5zhh3QIpCvj5spW812M=,3jgJ42jLYKaOKoN78Pc6/tMCJfo=
-62,46,r9c+6XHJ5zhh3QIpCvj5spW812M=,3jgJ42jLYKaOKoN78Pc6/tMCJfo=
-61,47,r9c+6XHJ5zhh3QIpCvj5spW812M=,3jgJ42jLYKaOKoN78Pc6/tMCJfo=
-62,47,r9c+6XHJ5zhh3QIpCvj5spW812M=,3jgJ42jLYKaOKoN78Pc6/tMCJfo=
-57,45,r9c+6XHJ5zhh3QIpCvj5spW812M=,3jgJ42jLYKaOKoN78Pc6/tMCJfo=
-63,47,r9c+6XHJ5zhh3QIpCvj5spW812M=,3jgJ42jLYKaOKoN78Pc6/tMCJfo=
-64,47,r9c+6XHJ5zhh3QIpCvj5spW812M=,3jgJ42jLYKaOKoN78Pc6/tMCJfo=
-55,46,r9c+6XHJ5zhh3QIpCvj5spW812M=,lqJ6MMjaeJW5RjhS7UL1vxUlf2s=
-60,46,r9c+6XHJ5zhh3QIpCvj5spW812M=,3jgJ42jLYKaOKoN78Pc6/tMCJfo=
-57,46,r9c+6XHJ5zhh3QIpCvj5spW812M=,3jgJ42jLYKaOKoN78Pc6/tMCJfo=
-52,59,0mM8QfUP+3A31s8bfATM02X4mn8=,9bqCejGJRPgGuSuUXP7T//XSSF0=
-53,60,0mM8QfUP+3A31s8bfATM02X4mn8=,9bqCejGJRPgGuSuUXP7T//XSSF0=
-52,60,0mM8QfUP+3A31s8bfATM02X4mn8=,9bqCejGJRPgGuSuUXP7T//XSSF0=
-53,59,0mM8QfUP+3A31s8bfATM02X4mn8=,9bqCejGJRPgGuSuUXP7T//XSSF0=
-58,60,0mM8QfUP+3A31s8bfATM02X4mn8=,bMJoKQce9cIBCvRG4IEBjmHKJ9A=
-57,60,0mM8QfUP+3A31s8bfATM02X4mn8=,bMJoKQce9cIBCvRG4IEBjmHKJ9A=
-56,60,0mM8QfUP+3A31s8bfATM02X4mn8=,9bqCejGJRPgGuSuUXP7T//XSSF0=
-55,60,0mM8QfUP+3A31s8bfATM02X4mn8=,9bqCejGJRPgGuSuUXP7T//XSSF0=
-54,60,0mM8QfUP+3A31s8bfATM02X4mn8=,9bqCejGJRPgGuSuUXP7T//XSSF0=
-61,61,0mM8QfUP+3A31s8bfATM02X4mn8=,bMJoKQce9cIBCvRG4IEBjmHKJ9A=
-60,61,0mM8QfUP+3A31s8bfATM02X4mn8=,bMJoKQce9cIBCvRG4IEBjmHKJ9A=
-56,59,0mM8QfUP+3A31s8bfATM02X4mn8=,9bqCejGJRPgGuSuUXP7T//XSSF0=
-55,59,0mM8QfUP+3A31s8bfATM02X4mn8=,9bqCejGJRPgGuSuUXP7T//XSSF0=
-54,59,0mM8QfUP+3A31s8bfATM02X4mn8=,9bqCejGJRPgGuSuUXP7T//XSSF0=
-61,59,0mM8QfUP+3A31s8bfATM02X4mn8=,bMJoKQce9cIBCvRG4IEBjmHKJ9A=
-60,59,0mM8QfUP+3A31s8bfATM02X4mn8=,bMJoKQce9cIBCvRG4IEBjmHKJ9A=
-59,59,0mM8QfUP+3A31s8bfATM02X4mn8=,bMJoKQce9cIBCvRG4IEBjmHKJ9A=
-58,59,0mM8QfUP+3A31s8bfATM02X4mn8=,bMJoKQce9cIBCvRG4IEBjmHKJ9A=
-61,62,0mM8QfUP+3A31s8bfATM02X4mn8=,bMJoKQce9cIBCvRG4IEBjmHKJ9A=
-57,59,0mM8QfUP+3A31s8bfATM02X4mn8=,bMJoKQce9cIBCvRG4IEBjmHKJ9A=
-60,62,0mM8QfUP+3A31s8bfATM02X4mn8=,bMJoKQce9cIBCvRG4IEBjmHKJ9A=
-61,63,0mM8QfUP+3A31s8bfATM02X4mn8=,bMJoKQce9cIBCvRG4IEBjmHKJ9A=
-60,63,0mM8QfUP+3A31s8bfATM02X4mn8=,bMJoKQce9cIBCvRG4IEBjmHKJ9A=
-61,60,0mM8QfUP+3A31s8bfATM02X4mn8=,bMJoKQce9cIBCvRG4IEBjmHKJ9A=
-60,60,0mM8QfUP+3A31s8bfATM02X4mn8=,bMJoKQce9cIBCvRG4IEBjmHKJ9A=
-59,60,0mM8QfUP+3A31s8bfATM02X4mn8=,bMJoKQce9cIBCvRG4IEBjmHKJ9A=
-52,51,0mM8QfUP+3A31s8bfATM02X4mn8=,33WDJB3d2NcWrsvWlErKWIfxUi4=
-53,51,0mM8QfUP+3A31s8bfATM02X4mn8=,33WDJB3d2NcWrsvWlErKWIfxUi4=
-53,55,0mM8QfUP+3A31s8bfATM02X4mn8=,33WDJB3d2NcWrsvWlErKWIfxUi4=
-53,53,0mM8QfUP+3A31s8bfATM02X4mn8=,33WDJB3d2NcWrsvWlErKWIfxUi4=
-52,57,0mM8QfUP+3A31s8bfATM02X4mn8=,9bqCejGJRPgGuSuUXP7T//XSSF0=
-52,58,0mM8QfUP+3A31s8bfATM02X4mn8=,9bqCejGJRPgGuSuUXP7T//XSSF0=
-53,57,0mM8QfUP+3A31s8bfATM02X4mn8=,9bqCejGJRPgGuSuUXP7T//XSSF0=
-52,56,l0HMwh7BwQsSTJktnIlCP6+dZBY=,9bqCejGJRPgGuSuUXP7T//XSSF0=
-52,52,l0HMwh7BwQsSTJktnIlCP6+dZBY=,33WDJB3d2NcWrsvWlErKWIfxUi4=
-58,57,l0HMwh7BwQsSTJktnIlCP6+dZBY=,bMJoKQce9cIBCvRG4IEBjmHKJ9A=
-53,52,l0HMwh7BwQsSTJktnIlCP6+dZBY=,33WDJB3d2NcWrsvWlErKWIfxUi4=
-61,51,l0HMwh7BwQsSTJktnIlCP6+dZBY=,Rar4mHGrOZUI6TOZAlzYbYyTwio=
-53,58,l0HMwh7BwQsSTJktnIlCP6+dZBY=,9bqCejGJRPgGuSuUXP7T//XSSF0=
-60,51,l0HMwh7BwQsSTJktnIlCP6+dZBY=,Rar4mHGrOZUI6TOZAlzYbYyTwio=
-52,55,l0HMwh7BwQsSTJktnIlCP6+dZBY=,33WDJB3d2NcWrsvWlErKWIfxUi4=
-54,51,l0HMwh7BwQsSTJktnIlCP6+dZBY=,33WDJB3d2NcWrsvWlErKWIfxUi4=
-53,54,l0HMwh7BwQsSTJktnIlCP6+dZBY=,33WDJB3d2NcWrsvWlErKWIfxUi4=
-52,54,l0HMwh7BwQsSTJktnIlCP6+dZBY=,33WDJB3d2NcWrsvWlErKWIfxUi4=
-52,53,l0HMwh7BwQsSTJktnIlCP6+dZBY=,33WDJB3d2NcWrsvWlErKWIfxUi4=
-53,56,l0HMwh7BwQsSTJktnIlCP6+dZBY=,9bqCejGJRPgGuSuUXP7T//XSSF0=
-56,51,l0HMwh7BwQsSTJktnIlCP6+dZBY=,33WDJB3d2NcWrsvWlErKWIfxUi4=
-55,51,l0HMwh7BwQsSTJktnIlCP6+dZBY=,33WDJB3d2NcWrsvWlErKWIfxUi4=
-59,51,l0HMwh7BwQsSTJktnIlCP6+dZBY=,Rar4mHGrOZUI6TOZAlzYbYyTwio=
-61,52,l0HMwh7BwQsSTJktnIlCP6+dZBY=,Rar4mHGrOZUI6TOZAlzYbYyTwio=
-57,56,l0HMwh7BwQsSTJktnIlCP6+dZBY=,bMJoKQce9cIBCvRG4IEBjmHKJ9A=
-54,53,l0HMwh7BwQsSTJktnIlCP6+dZBY=,33WDJB3d2NcWrsvWlErKWIfxUi4=
-57,53,l0HMwh7BwQsSTJktnIlCP6+dZBY=,Rar4mHGrOZUI6TOZAlzYbYyTwio=
-56,53,l0HMwh7BwQsSTJktnIlCP6+dZBY=,33WDJB3d2NcWrsvWlErKWIfxUi4=
-58,53,l0HMwh7BwQsSTJktnIlCP6+dZBY=,Rar4mHGrOZUI6TOZAlzYbYyTwio=
-59,53,l0HMwh7BwQsSTJktnIlCP6+dZBY=,Rar4mHGrOZUI6TOZAlzYbYyTwio=
-54,57,l0HMwh7BwQsSTJktnIlCP6+dZBY=,9bqCejGJRPgGuSuUXP7T//XSSF0=
-58,56,l0HMwh7BwQsSTJktnIlCP6+dZBY=,bMJoKQce9cIBCvRG4IEBjmHKJ9A=
-55,57,l0HMwh7BwQsSTJktnIlCP6+dZBY=,9bqCejGJRPgGuSuUXP7T//XSSF0=
-57,55,l0HMwh7BwQsSTJktnIlCP6+dZBY=,Rar4mHGrOZUI6TOZAlzYbYyTwio=
-60,53,l0HMwh7BwQsSTJktnIlCP6+dZBY=,Rar4mHGrOZUI6TOZAlzYbYyTwio=
-56,57,l0HMwh7BwQsSTJktnIlCP6+dZBY=,9bqCejGJRPgGuSuUXP7T//XSSF0=
-61,56,l0HMwh7BwQsSTJktnIlCP6+dZBY=,bMJoKQce9cIBCvRG4IEBjmHKJ9A=
-56,58,l0HMwh7BwQsSTJktnIlCP6+dZBY=,9bqCejGJRPgGuSuUXP7T//XSSF0=
-54,55,l0HMwh7BwQsSTJktnIlCP6+dZBY=,33WDJB3d2NcWrsvWlErKWIfxUi4=
-57,57,l0HMwh7BwQsSTJktnIlCP6+dZBY=,bMJoKQce9cIBCvRG4IEBjmHKJ9A=
-55,58,l0HMwh7BwQsSTJktnIlCP6+dZBY=,9bqCejGJRPgGuSuUXP7T//XSSF0=
-57,51,l0HMwh7BwQsSTJktnIlCP6+dZBY=,Rar4mHGrOZUI6TOZAlzYbYyTwio=
-58,51,l0HMwh7BwQsSTJktnIlCP6+dZBY=,Rar4mHGrOZUI6TOZAlzYbYyTwio=
-57,52,l0HMwh7BwQsSTJktnIlCP6+dZBY=,Rar4mHGrOZUI6TOZAlzYbYyTwio=
-60,52,l0HMwh7BwQsSTJktnIlCP6+dZBY=,Rar4mHGrOZUI6TOZAlzYbYyTwio=
-58,55,l0HMwh7BwQsSTJktnIlCP6+dZBY=,Rar4mHGrOZUI6TOZAlzYbYyTwio=
-56,55,l0HMwh7BwQsSTJktnIlCP6+dZBY=,33WDJB3d2NcWrsvWlErKWIfxUi4=
-55,55,l0HMwh7BwQsSTJktnIlCP6+dZBY=,33WDJB3d2NcWrsvWlErKWIfxUi4=
-59,52,l0HMwh7BwQsSTJktnIlCP6+dZBY=,Rar4mHGrOZUI6TOZAlzYbYyTwio=
-55,53,l0HMwh7BwQsSTJktnIlCP6+dZBY=,33WDJB3d2NcWrsvWlErKWIfxUi4=
-58,52,l0HMwh7BwQsSTJktnIlCP6+dZBY=,Rar4mHGrOZUI6TOZAlzYbYyTwio=
-60,56,l0HMwh7BwQsSTJktnIlCP6+dZBY=,bMJoKQce9cIBCvRG4IEBjmHKJ9A=
-55,52,l0HMwh7BwQsSTJktnIlCP6+dZBY=,33WDJB3d2NcWrsvWlErKWIfxUi4=
-54,52,l0HMwh7BwQsSTJktnIlCP6+dZBY=,33WDJB3d2NcWrsvWlErKWIfxUi4=
-61,53,l0HMwh7BwQsSTJktnIlCP6+dZBY=,Rar4mHGrOZUI6TOZAlzYbYyTwio=
-54,58,l0HMwh7BwQsSTJktnIlCP6+dZBY=,9bqCejGJRPgGuSuUXP7T//XSSF0=
-55,56,l0HMwh7BwQsSTJktnIlCP6+dZBY=,9bqCejGJRPgGuSuUXP7T//XSSF0=
-54,56,l0HMwh7BwQsSTJktnIlCP6+dZBY=,9bqCejGJRPgGuSuUXP7T//XSSF0=
-56,56,l0HMwh7BwQsSTJktnIlCP6+dZBY=,9bqCejGJRPgGuSuUXP7T//XSSF0=
-59,57,l0HMwh7BwQsSTJktnIlCP6+dZBY=,bMJoKQce9cIBCvRG4IEBjmHKJ9A=
-60,55,l0HMwh7BwQsSTJktnIlCP6+dZBY=,Rar4mHGrOZUI6TOZAlzYbYyTwio=
-54,54,l0HMwh7BwQsSTJktnIlCP6+dZBY=,33WDJB3d2NcWrsvWlErKWIfxUi4=
-59,55,l0HMwh7BwQsSTJktnIlCP6+dZBY=,Rar4mHGrOZUI6TOZAlzYbYyTwio=
-56,54,l0HMwh7BwQsSTJktnIlCP6+dZBY=,33WDJB3d2NcWrsvWlErKWIfxUi4=
-56,52,l0HMwh7BwQsSTJktnIlCP6+dZBY=,33WDJB3d2NcWrsvWlErKWIfxUi4=
-57,58,l0HMwh7BwQsSTJktnIlCP6+dZBY=,bMJoKQce9cIBCvRG4IEBjmHKJ9A=
-55,54,l0HMwh7BwQsSTJktnIlCP6+dZBY=,33WDJB3d2NcWrsvWlErKWIfxUi4=
-61,54,l0HMwh7BwQsSTJktnIlCP6+dZBY=,Rar4mHGrOZUI6TOZAlzYbYyTwio=
-61,57,l0HMwh7BwQsSTJktnIlCP6+dZBY=,bMJoKQce9cIBCvRG4IEBjmHKJ9A=
-60,57,l0HMwh7BwQsSTJktnIlCP6+dZBY=,bMJoKQce9cIBCvRG4IEBjmHKJ9A=
-59,56,l0HMwh7BwQsSTJktnIlCP6+dZBY=,bMJoKQce9cIBCvRG4IEBjmHKJ9A=
-57,54,l0HMwh7BwQsSTJktnIlCP6+dZBY=,Rar4mHGrOZUI6TOZAlzYbYyTwio=
-58,58,l0HMwh7BwQsSTJktnIlCP6+dZBY=,bMJoKQce9cIBCvRG4IEBjmHKJ9A=
-59,58,l0HMwh7BwQsSTJktnIlCP6+dZBY=,bMJoKQce9cIBCvRG4IEBjmHKJ9A=
-61,58,l0HMwh7BwQsSTJktnIlCP6+dZBY=,bMJoKQce9cIBCvRG4IEBjmHKJ9A=
-58,54,l0HMwh7BwQsSTJktnIlCP6+dZBY=,Rar4mHGrOZUI6TOZAlzYbYyTwio=
-60,54,l0HMwh7BwQsSTJktnIlCP6+dZBY=,Rar4mHGrOZUI6TOZAlzYbYyTwio=
-60,58,l0HMwh7BwQsSTJktnIlCP6+dZBY=,bMJoKQce9cIBCvRG4IEBjmHKJ9A=
-59,54,l0HMwh7BwQsSTJktnIlCP6+dZBY=,Rar4mHGrOZUI6TOZAlzYbYyTwio=
-61,55,l0HMwh7BwQsSTJktnIlCP6+dZBY=,Rar4mHGrOZUI6TOZAlzYbYyTwio=
-52,50,l0HMwh7BwQsSTJktnIlCP6+dZBY=,33WDJB3d2NcWrsvWlErKWIfxUi4=
-53,50,l0HMwh7BwQsSTJktnIlCP6+dZBY=,33WDJB3d2NcWrsvWlErKWIfxUi4=
-51,51,l0HMwh7BwQsSTJktnIlCP6+dZBY=,33WDJB3d2NcWrsvWlErKWIfxUi4=
-52,49,l0HMwh7BwQsSTJktnIlCP6+dZBY=,33WDJB3d2NcWrsvWlErKWIfxUi4=
-53,49,l0HMwh7BwQsSTJktnIlCP6+dZBY=,33WDJB3d2NcWrsvWlErKWIfxUi4=
-53,48,l0HMwh7BwQsSTJktnIlCP6+dZBY=,33WDJB3d2NcWrsvWlErKWIfxUi4=
-52,48,l0HMwh7BwQsSTJktnIlCP6+dZBY=,33WDJB3d2NcWrsvWlErKWIfxUi4=
-50,51,l0HMwh7BwQsSTJktnIlCP6+dZBY=,33WDJB3d2NcWrsvWlErKWIfxUi4=
-50,52,l0HMwh7BwQsSTJktnIlCP6+dZBY=,33WDJB3d2NcWrsvWlErKWIfxUi4=
-49,52,l0HMwh7BwQsSTJktnIlCP6+dZBY=,33WDJB3d2NcWrsvWlErKWIfxUi4=
-49,51,l0HMwh7BwQsSTJktnIlCP6+dZBY=,33WDJB3d2NcWrsvWlErKWIfxUi4=
-51,52,l0HMwh7BwQsSTJktnIlCP6+dZBY=,33WDJB3d2NcWrsvWlErKWIfxUi4=
-59,61,l0HMwh7BwQsSTJktnIlCP6+dZBY=,bMJoKQce9cIBCvRG4IEBjmHKJ9A=
-58,61,l0HMwh7BwQsSTJktnIlCP6+dZBY=,bMJoKQce9cIBCvRG4IEBjmHKJ9A=
-57,61,l0HMwh7BwQsSTJktnIlCP6+dZBY=,bMJoKQce9cIBCvRG4IEBjmHKJ9A=
-56,61,l0HMwh7BwQsSTJktnIlCP6+dZBY=,9bqCejGJRPgGuSuUXP7T//XSSF0=
-55,61,l0HMwh7BwQsSTJktnIlCP6+dZBY=,9bqCejGJRPgGuSuUXP7T//XSSF0=
-54,61,l0HMwh7BwQsSTJktnIlCP6+dZBY=,9bqCejGJRPgGuSuUXP7T//XSSF0=
-53,61,l0HMwh7BwQsSTJktnIlCP6+dZBY=,9bqCejGJRPgGuSuUXP7T//XSSF0=
-52,61,l0HMwh7BwQsSTJktnIlCP6+dZBY=,9bqCejGJRPgGuSuUXP7T//XSSF0=
-56,62,l0HMwh7BwQsSTJktnIlCP6+dZBY=,9bqCejGJRPgGuSuUXP7T//XSSF0=
-55,62,l0HMwh7BwQsSTJktnIlCP6+dZBY=,9bqCejGJRPgGuSuUXP7T//XSSF0=
-54,62,l0HMwh7BwQsSTJktnIlCP6+dZBY=,9bqCejGJRPgGuSuUXP7T//XSSF0=
-64,61,l0HMwh7BwQsSTJktnIlCP6+dZBY=,bMJoKQce9cIBCvRG4IEBjmHKJ9A=
-63,61,l0HMwh7BwQsSTJktnIlCP6+dZBY=,bMJoKQce9cIBCvRG4IEBjmHKJ9A=
-62,61,l0HMwh7BwQsSTJktnIlCP6+dZBY=,bMJoKQce9cIBCvRG4IEBjmHKJ9A=
-64,62,l0HMwh7BwQsSTJktnIlCP6+dZBY=,bMJoKQce9cIBCvRG4IEBjmHKJ9A=
-63,62,l0HMwh7BwQsSTJktnIlCP6+dZBY=,bMJoKQce9cIBCvRG4IEBjmHKJ9A=
-53,62,l0HMwh7BwQsSTJktnIlCP6+dZBY=,9bqCejGJRPgGuSuUXP7T//XSSF0=
-64,59,l0HMwh7BwQsSTJktnIlCP6+dZBY=,bMJoKQce9cIBCvRG4IEBjmHKJ9A=
-52,62,l0HMwh7BwQsSTJktnIlCP6+dZBY=,9bqCejGJRPgGuSuUXP7T//XSSF0=
-56,63,l0HMwh7BwQsSTJktnIlCP6+dZBY=,9bqCejGJRPgGuSuUXP7T//XSSF0=
-58,62,l0HMwh7BwQsSTJktnIlCP6+dZBY=,bMJoKQce9cIBCvRG4IEBjmHKJ9A=
-57,62,l0HMwh7BwQsSTJktnIlCP6+dZBY=,bMJoKQce9cIBCvRG4IEBjmHKJ9A=
-55,63,l0HMwh7BwQsSTJktnIlCP6+dZBY=,9bqCejGJRPgGuSuUXP7T//XSSF0=
-54,63,l0HMwh7BwQsSTJktnIlCP6+dZBY=,9bqCejGJRPgGuSuUXP7T//XSSF0=
-53,63,l0HMwh7BwQsSTJktnIlCP6+dZBY=,9bqCejGJRPgGuSuUXP7T//XSSF0=
-52,63,l0HMwh7BwQsSTJktnIlCP6+dZBY=,9bqCejGJRPgGuSuUXP7T//XSSF0=
-59,63,l0HMwh7BwQsSTJktnIlCP6+dZBY=,bMJoKQce9cIBCvRG4IEBjmHKJ9A=
-63,59,l0HMwh7BwQsSTJktnIlCP6+dZBY=,bMJoKQce9cIBCvRG4IEBjmHKJ9A=
-57,63,l0HMwh7BwQsSTJktnIlCP6+dZBY=,bMJoKQce9cIBCvRG4IEBjmHKJ9A=
-59,62,l0HMwh7BwQsSTJktnIlCP6+dZBY=,bMJoKQce9cIBCvRG4IEBjmHKJ9A=
-63,63,l0HMwh7BwQsSTJktnIlCP6+dZBY=,bMJoKQce9cIBCvRG4IEBjmHKJ9A=
-62,63,l0HMwh7BwQsSTJktnIlCP6+dZBY=,bMJoKQce9cIBCvRG4IEBjmHKJ9A=
-58,63,l0HMwh7BwQsSTJktnIlCP6+dZBY=,bMJoKQce9cIBCvRG4IEBjmHKJ9A=
-64,63,l0HMwh7BwQsSTJktnIlCP6+dZBY=,bMJoKQce9cIBCvRG4IEBjmHKJ9A=
-62,62,l0HMwh7BwQsSTJktnIlCP6+dZBY=,bMJoKQce9cIBCvRG4IEBjmHKJ9A=
-64,60,l0HMwh7BwQsSTJktnIlCP6+dZBY=,bMJoKQce9cIBCvRG4IEBjmHKJ9A=
-63,60,l0HMwh7BwQsSTJktnIlCP6+dZBY=,bMJoKQce9cIBCvRG4IEBjmHKJ9A=
-62,59,l0HMwh7BwQsSTJktnIlCP6+dZBY=,bMJoKQce9cIBCvRG4IEBjmHKJ9A=
-62,60,l0HMwh7BwQsSTJktnIlCP6+dZBY=,bMJoKQce9cIBCvRG4IEBjmHKJ9A=
-64,54,l0HMwh7BwQsSTJktnIlCP6+dZBY=,Rar4mHGrOZUI6TOZAlzYbYyTwio=
-63,54,l0HMwh7BwQsSTJktnIlCP6+dZBY=,Rar4mHGrOZUI6TOZAlzYbYyTwio=
-62,54,l0HMwh7BwQsSTJktnIlCP6+dZBY=,Rar4mHGrOZUI6TOZAlzYbYyTwio=
-63,53,l0HMwh7BwQsSTJktnIlCP6+dZBY=,Rar4mHGrOZUI6TOZAlzYbYyTwio=
-62,52,l0HMwh7BwQsSTJktnIlCP6+dZBY=,Rar4mHGrOZUI6TOZAlzYbYyTwio=
-64,53,l0HMwh7BwQsSTJktnIlCP6+dZBY=,Rar4mHGrOZUI6TOZAlzYbYyTwio=
-62,51,l0HMwh7BwQsSTJktnIlCP6+dZBY=,Rar4mHGrOZUI6TOZAlzYbYyTwio=
-63,51,l0HMwh7BwQsSTJktnIlCP6+dZBY=,Rar4mHGrOZUI6TOZAlzYbYyTwio=
-62,56,l0HMwh7BwQsSTJktnIlCP6+dZBY=,bMJoKQce9cIBCvRG4IEBjmHKJ9A=
-64,56,l0HMwh7BwQsSTJktnIlCP6+dZBY=,bMJoKQce9cIBCvRG4IEBjmHKJ9A=
-64,52,l0HMwh7BwQsSTJktnIlCP6+dZBY=,Rar4mHGrOZUI6TOZAlzYbYyTwio=
-63,56,l0HMwh7BwQsSTJktnIlCP6+dZBY=,bMJoKQce9cIBCvRG4IEBjmHKJ9A=
-64,58,l0HMwh7BwQsSTJktnIlCP6+dZBY=,bMJoKQce9cIBCvRG4IEBjmHKJ9A=
-64,51,l0HMwh7BwQsSTJktnIlCP6+dZBY=,Rar4mHGrOZUI6TOZAlzYbYyTwio=
-62,58,l0HMwh7BwQsSTJktnIlCP6+dZBY=,bMJoKQce9cIBCvRG4IEBjmHKJ9A=
-63,55,l0HMwh7BwQsSTJktnIlCP6+dZBY=,Rar4mHGrOZUI6TOZAlzYbYyTwio=
-62,53,l0HMwh7BwQsSTJktnIlCP6+dZBY=,Rar4mHGrOZUI6TOZAlzYbYyTwio=
-63,52,l0HMwh7BwQsSTJktnIlCP6+dZBY=,Rar4mHGrOZUI6TOZAlzYbYyTwio=
-64,55,l0HMwh7BwQsSTJktnIlCP6+dZBY=,Rar4mHGrOZUI6TOZAlzYbYyTwio=
-63,58,l0HMwh7BwQsSTJktnIlCP6+dZBY=,bMJoKQce9cIBCvRG4IEBjmHKJ9A=
-62,55,l0HMwh7BwQsSTJktnIlCP6+dZBY=,Rar4mHGrOZUI6TOZAlzYbYyTwio=
-63,57,l0HMwh7BwQsSTJktnIlCP6+dZBY=,bMJoKQce9cIBCvRG4IEBjmHKJ9A=
-64,57,l0HMwh7BwQsSTJktnIlCP6+dZBY=,bMJoKQce9cIBCvRG4IEBjmHKJ9A=
-62,57,l0HMwh7BwQsSTJktnIlCP6+dZBY=,bMJoKQce9cIBCvRG4IEBjmHKJ9A=
-51,48,l0HMwh7BwQsSTJktnIlCP6+dZBY=,33WDJB3d2NcWrsvWlErKWIfxUi4=
-50,48,l0HMwh7BwQsSTJktnIlCP6+dZBY=,33WDJB3d2NcWrsvWlErKWIfxUi4=
-49,48,l0HMwh7BwQsSTJktnIlCP6+dZBY=,33WDJB3d2NcWrsvWlErKWIfxUi4=
-51,49,l0HMwh7BwQsSTJktnIlCP6+dZBY=,33WDJB3d2NcWrsvWlErKWIfxUi4=
-50,49,l0HMwh7BwQsSTJktnIlCP6+dZBY=,33WDJB3d2NcWrsvWlErKWIfxUi4=
-49,49,l0HMwh7BwQsSTJktnIlCP6+dZBY=,33WDJB3d2NcWrsvWlErKWIfxUi4=
-51,50,l0HMwh7BwQsSTJktnIlCP6+dZBY=,33WDJB3d2NcWrsvWlErKWIfxUi4=
-50,50,l0HMwh7BwQsSTJktnIlCP6+dZBY=,33WDJB3d2NcWrsvWlErKWIfxUi4=
-49,50,l0HMwh7BwQsSTJktnIlCP6+dZBY=,33WDJB3d2NcWrsvWlErKWIfxUi4=
-62,50,l0HMwh7BwQsSTJktnIlCP6+dZBY=,Rar4mHGrOZUI6TOZAlzYbYyTwio=
-54,50,l0HMwh7BwQsSTJktnIlCP6+dZBY=,33WDJB3d2NcWrsvWlErKWIfxUi4=
-56,50,l0HMwh7BwQsSTJktnIlCP6+dZBY=,33WDJB3d2NcWrsvWlErKWIfxUi4=
-55,50,l0HMwh7BwQsSTJktnIlCP6+dZBY=,33WDJB3d2NcWrsvWlErKWIfxUi4=
-63,50,l0HMwh7BwQsSTJktnIlCP6+dZBY=,Rar4mHGrOZUI6TOZAlzYbYyTwio=
-64,49,l0HMwh7BwQsSTJktnIlCP6+dZBY=,Rar4mHGrOZUI6TOZAlzYbYyTwio=
-54,49,l0HMwh7BwQsSTJktnIlCP6+dZBY=,33WDJB3d2NcWrsvWlErKWIfxUi4=
-61,50,l0HMwh7BwQsSTJktnIlCP6+dZBY=,Rar4mHGrOZUI6TOZAlzYbYyTwio=
-57,48,l0HMwh7BwQsSTJktnIlCP6+dZBY=,Rar4mHGrOZUI6TOZAlzYbYyTwio=
-59,49,l0HMwh7BwQsSTJktnIlCP6+dZBY=,Rar4mHGrOZUI6TOZAlzYbYyTwio=
-57,49,l0HMwh7BwQsSTJktnIlCP6+dZBY=,Rar4mHGrOZUI6TOZAlzYbYyTwio=
-56,49,l0HMwh7BwQsSTJktnIlCP6+dZBY=,33WDJB3d2NcWrsvWlErKWIfxUi4=
-58,48,l0HMwh7BwQsSTJktnIlCP6+dZBY=,Rar4mHGrOZUI6TOZAlzYbYyTwio=
-64,50,l0HMwh7BwQsSTJktnIlCP6+dZBY=,Rar4mHGrOZUI6TOZAlzYbYyTwio=
-64,48,l0HMwh7BwQsSTJktnIlCP6+dZBY=,Rar4mHGrOZUI6TOZAlzYbYyTwio=
-60,49,l0HMwh7BwQsSTJktnIlCP6+dZBY=,Rar4mHGrOZUI6TOZAlzYbYyTwio=
-58,49,l0HMwh7BwQsSTJktnIlCP6+dZBY=,Rar4mHGrOZUI6TOZAlzYbYyTwio=
-54,48,l0HMwh7BwQsSTJktnIlCP6+dZBY=,33WDJB3d2NcWrsvWlErKWIfxUi4=
-55,48,l0HMwh7BwQsSTJktnIlCP6+dZBY=,33WDJB3d2NcWrsvWlErKWIfxUi4=
-59,48,l0HMwh7BwQsSTJktnIlCP6+dZBY=,Rar4mHGrOZUI6TOZAlzYbYyTwio=
-57,50,l0HMwh7BwQsSTJktnIlCP6+dZBY=,Rar4mHGrOZUI6TOZAlzYbYyTwio=
-60,48,l0HMwh7BwQsSTJktnIlCP6+dZBY=,Rar4mHGrOZUI6TOZAlzYbYyTwio=
-56,48,l0HMwh7BwQsSTJktnIlCP6+dZBY=,33WDJB3d2NcWrsvWlErKWIfxUi4=
-58,50,l0HMwh7BwQsSTJktnIlCP6+dZBY=,Rar4mHGrOZUI6TOZAlzYbYyTwio=
-63,49,l0HMwh7BwQsSTJktnIlCP6+dZBY=,Rar4mHGrOZUI6TOZAlzYbYyTwio=
-59,50,l0HMwh7BwQsSTJktnIlCP6+dZBY=,Rar4mHGrOZUI6TOZAlzYbYyTwio=
-61,48,l0HMwh7BwQsSTJktnIlCP6+dZBY=,Rar4mHGrOZUI6TOZAlzYbYyTwio=
-63,48,l0HMwh7BwQsSTJktnIlCP6+dZBY=,Rar4mHGrOZUI6TOZAlzYbYyTwio=
-61,49,l0HMwh7BwQsSTJktnIlCP6+dZBY=,Rar4mHGrOZUI6TOZAlzYbYyTwio=
-62,49,l0HMwh7BwQsSTJktnIlCP6+dZBY=,Rar4mHGrOZUI6TOZAlzYbYyTwio=
-60,50,l0HMwh7BwQsSTJktnIlCP6+dZBY=,Rar4mHGrOZUI6TOZAlzYbYyTwio=
-55,49,l0HMwh7BwQsSTJktnIlCP6+dZBY=,33WDJB3d2NcWrsvWlErKWIfxUi4=
-62,48,l0HMwh7BwQsSTJktnIlCP6+dZBY=,Rar4mHGrOZUI6TOZAlzYbYyTwio=
-51,63,l0HMwh7BwQsSTJktnIlCP6+dZBY=,9bqCejGJRPgGuSuUXP7T//XSSF0=
-49,62,l0HMwh7BwQsSTJktnIlCP6+dZBY=,9bqCejGJRPgGuSuUXP7T//XSSF0=
-50,63,l0HMwh7BwQsSTJktnIlCP6+dZBY=,9bqCejGJRPgGuSuUXP7T//XSSF0=
-50,62,l0HMwh7BwQsSTJktnIlCP6+dZBY=,9bqCejGJRPgGuSuUXP7T//XSSF0=
-49,63,l0HMwh7BwQsSTJktnIlCP6+dZBY=,9bqCejGJRPgGuSuUXP7T//XSSF0=
-51,62,l0HMwh7BwQsSTJktnIlCP6+dZBY=,9bqCejGJRPgGuSuUXP7T//XSSF0=
-49,61,l0HMwh7BwQsSTJktnIlCP6+dZBY=,9bqCejGJRPgGuSuUXP7T//XSSF0=
-51,61,l0HMwh7BwQsSTJktnIlCP6+dZBY=,9bqCejGJRPgGuSuUXP7T//XSSF0=
-50,61,l0HMwh7BwQsSTJktnIlCP6+dZBY=,9bqCejGJRPgGuSuUXP7T//XSSF0=
-50,55,l0HMwh7BwQsSTJktnIlCP6+dZBY=,33WDJB3d2NcWrsvWlErKWIfxUi4=
-50,57,l0HMwh7BwQsSTJktnIlCP6+dZBY=,9bqCejGJRPgGuSuUXP7T//XSSF0=
-50,54,l0HMwh7BwQsSTJktnIlCP6+dZBY=,33WDJB3d2NcWrsvWlErKWIfxUi4=
-51,54,l0HMwh7BwQsSTJktnIlCP6+dZBY=,33WDJB3d2NcWrsvWlErKWIfxUi4=
-50,56,l0HMwh7BwQsSTJktnIlCP6+dZBY=,9bqCejGJRPgGuSuUXP7T//XSSF0=
-51,58,l0HMwh7BwQsSTJktnIlCP6+dZBY=,9bqCejGJRPgGuSuUXP7T//XSSF0=
-49,57,l0HMwh7BwQsSTJktnIlCP6+dZBY=,9bqCejGJRPgGuSuUXP7T//XSSF0=
-49,56,l0HMwh7BwQsSTJktnIlCP6+dZBY=,9bqCejGJRPgGuSuUXP7T//XSSF0=
-49,54,l0HMwh7BwQsSTJktnIlCP6+dZBY=,33WDJB3d2NcWrsvWlErKWIfxUi4=
-49,55,l0HMwh7BwQsSTJktnIlCP6+dZBY=,33WDJB3d2NcWrsvWlErKWIfxUi4=
-51,57,l0HMwh7BwQsSTJktnIlCP6+dZBY=,9bqCejGJRPgGuSuUXP7T//XSSF0=
-49,53,l0HMwh7BwQsSTJktnIlCP6+dZBY=,33WDJB3d2NcWrsvWlErKWIfxUi4=
-51,59,l0HMwh7BwQsSTJktnIlCP6+dZBY=,9bqCejGJRPgGuSuUXP7T//XSSF0=
-51,56,l0HMwh7BwQsSTJktnIlCP6+dZBY=,9bqCejGJRPgGuSuUXP7T//XSSF0=
-51,55,l0HMwh7BwQsSTJktnIlCP6+dZBY=,33WDJB3d2NcWrsvWlErKWIfxUi4=
-50,53,l0HMwh7BwQsSTJktnIlCP6+dZBY=,33WDJB3d2NcWrsvWlErKWIfxUi4=
-49,58,l0HMwh7BwQsSTJktnIlCP6+dZBY=,9bqCejGJRPgGuSuUXP7T//XSSF0=
-50,58,l0HMwh7BwQsSTJktnIlCP6+dZBY=,9bqCejGJRPgGuSuUXP7T//XSSF0=
-49,60,l0HMwh7BwQsSTJktnIlCP6+dZBY=,9bqCejGJRPgGuSuUXP7T//XSSF0=
-51,53,l0HMwh7BwQsSTJktnIlCP6+dZBY=,33WDJB3d2NcWrsvWlErKWIfxUi4=
-50,60,l0HMwh7BwQsSTJktnIlCP6+dZBY=,9bqCejGJRPgGuSuUXP7T//XSSF0=
-51,60,l0HMwh7BwQsSTJktnIlCP6+dZBY=,9bqCejGJRPgGuSuUXP7T//XSSF0=
-49,59,l0HMwh7BwQsSTJktnIlCP6+dZBY=,9bqCejGJRPgGuSuUXP7T//XSSF0=
-50,59,l0HMwh7BwQsSTJktnIlCP6+dZBY=,9bqCejGJRPgGuSuUXP7T//XSSF0=
-36,59,9DiJQiHduZLRcSaaONgp3d+jKfE=,ZGHjAHmztCQ4/DpbNaSc7BemiFA=
-37,60,9DiJQiHduZLRcSaaONgp3d+jKfE=,ZGHjAHmztCQ4/DpbNaSc7BemiFA=
-36,60,9DiJQiHduZLRcSaaONgp3d+jKfE=,ZGHjAHmztCQ4/DpbNaSc7BemiFA=
-37,59,9DiJQiHduZLRcSaaONgp3d+jKfE=,ZGHjAHmztCQ4/DpbNaSc7BemiFA=
-40,60,TkJDDj3J3HsYP2reVGvduRoMFU8=,ZGHjAHmztCQ4/DpbNaSc7BemiFA=
-39,60,TkJDDj3J3HsYP2reVGvduRoMFU8=,ZGHjAHmztCQ4/DpbNaSc7BemiFA=
-38,60,TkJDDj3J3HsYP2reVGvduRoMFU8=,ZGHjAHmztCQ4/DpbNaSc7BemiFA=
-46,59,TkJDDj3J3HsYP2reVGvduRoMFU8=,+Cfba7/UZcDa6X7vlOus8h7O3PI=
-45,59,TkJDDj3J3HsYP2reVGvduRoMFU8=,+Cfba7/UZcDa6X7vlOus8h7O3PI=
-44,59,TkJDDj3J3HsYP2reVGvduRoMFU8=,+Cfba7/UZcDa6X7vlOus8h7O3PI=
-43,59,TkJDDj3J3HsYP2reVGvduRoMFU8=,+Cfba7/UZcDa6X7vlOus8h7O3PI=
-42,59,TkJDDj3J3HsYP2reVGvduRoMFU8=,+Cfba7/UZcDa6X7vlOus8h7O3PI=
-41,59,TkJDDj3J3HsYP2reVGvduRoMFU8=,+Cfba7/UZcDa6X7vlOus8h7O3PI=
-48,60,TkJDDj3J3HsYP2reVGvduRoMFU8=,+Cfba7/UZcDa6X7vlOus8h7O3PI=
-40,59,TkJDDj3J3HsYP2reVGvduRoMFU8=,ZGHjAHmztCQ4/DpbNaSc7BemiFA=
-47,60,TkJDDj3J3HsYP2reVGvduRoMFU8=,+Cfba7/UZcDa6X7vlOus8h7O3PI=
-46,60,TkJDDj3J3HsYP2reVGvduRoMFU8=,+Cfba7/UZcDa6X7vlOus8h7O3PI=
-45,60,TkJDDj3J3HsYP2reVGvduRoMFU8=,+Cfba7/UZcDa6X7vlOus8h7O3PI=
-44,60,TkJDDj3J3HsYP2reVGvduRoMFU8=,+Cfba7/UZcDa6X7vlOus8h7O3PI=
-43,60,TkJDDj3J3HsYP2reVGvduRoMFU8=,+Cfba7/UZcDa6X7vlOus8h7O3PI=
-42,60,TkJDDj3J3HsYP2reVGvduRoMFU8=,+Cfba7/UZcDa6X7vlOus8h7O3PI=
-41,60,TkJDDj3J3HsYP2reVGvduRoMFU8=,+Cfba7/UZcDa6X7vlOus8h7O3PI=
-39,59,TkJDDj3J3HsYP2reVGvduRoMFU8=,ZGHjAHmztCQ4/DpbNaSc7BemiFA=
-38,59,TkJDDj3J3HsYP2reVGvduRoMFU8=,ZGHjAHmztCQ4/DpbNaSc7BemiFA=
-48,59,TkJDDj3J3HsYP2reVGvduRoMFU8=,+Cfba7/UZcDa6X7vlOus8h7O3PI=
-47,59,TkJDDj3J3HsYP2reVGvduRoMFU8=,+Cfba7/UZcDa6X7vlOus8h7O3PI=
-36,55,EAOBxRLstdRLLpIHwsUfgjeB6bU=,pZADgeiOQ+rWDmi30qT+rHIDRe0=
-37,48,EAOBxRLstdRLLpIHwsUfgjeB6bU=,pZADgeiOQ+rWDmi30qT+rHIDRe0=
-36,49,EAOBxRLstdRLLpIHwsUfgjeB6bU=,pZADgeiOQ+rWDmi30qT+rHIDRe0=
-36,48,EAOBxRLstdRLLpIHwsUfgjeB6bU=,pZADgeiOQ+rWDmi30qT+rHIDRe0=
-36,50,EAOBxRLstdRLLpIHwsUfgjeB6bU=,pZADgeiOQ+rWDmi30qT+rHIDRe0=
-37,50,EAOBxRLstdRLLpIHwsUfgjeB6bU=,pZADgeiOQ+rWDmi30qT+rHIDRe0=
-37,49,EAOBxRLstdRLLpIHwsUfgjeB6bU=,pZADgeiOQ+rWDmi30qT+rHIDRe0=
-37,55,EAOBxRLstdRLLpIHwsUfgjeB6bU=,pZADgeiOQ+rWDmi30qT+rHIDRe0=
-36,57,EAOBxRLstdRLLpIHwsUfgjeB6bU=,ZGHjAHmztCQ4/DpbNaSc7BemiFA=
-37,57,EAOBxRLstdRLLpIHwsUfgjeB6bU=,ZGHjAHmztCQ4/DpbNaSc7BemiFA=
-36,58,EAOBxRLstdRLLpIHwsUfgjeB6bU=,ZGHjAHmztCQ4/DpbNaSc7BemiFA=
-37,58,EAOBxRLstdRLLpIHwsUfgjeB6bU=,ZGHjAHmztCQ4/DpbNaSc7BemiFA=
-37,51,EAOBxRLstdRLLpIHwsUfgjeB6bU=,pZADgeiOQ+rWDmi30qT+rHIDRe0=
-37,53,EAOBxRLstdRLLpIHwsUfgjeB6bU=,pZADgeiOQ+rWDmi30qT+rHIDRe0=
-33,52,EAOBxRLstdRLLpIHwsUfgjeB6bU=,pZADgeiOQ+rWDmi30qT+rHIDRe0=
-34,52,EAOBxRLstdRLLpIHwsUfgjeB6bU=,pZADgeiOQ+rWDmi30qT+rHIDRe0=
-36,53,EAOBxRLstdRLLpIHwsUfgjeB6bU=,pZADgeiOQ+rWDmi30qT+rHIDRe0=
-36,51,EAOBxRLstdRLLpIHwsUfgjeB6bU=,pZADgeiOQ+rWDmi30qT+rHIDRe0=
-35,51,EAOBxRLstdRLLpIHwsUfgjeB6bU=,pZADgeiOQ+rWDmi30qT+rHIDRe0=
-35,53,EAOBxRLstdRLLpIHwsUfgjeB6bU=,pZADgeiOQ+rWDmi30qT+rHIDRe0=
-35,59,EAOBxRLstdRLLpIHwsUfgjeB6bU=,ZGHjAHmztCQ4/DpbNaSc7BemiFA=
-34,59,EAOBxRLstdRLLpIHwsUfgjeB6bU=,ZGHjAHmztCQ4/DpbNaSc7BemiFA=
-34,51,EAOBxRLstdRLLpIHwsUfgjeB6bU=,pZADgeiOQ+rWDmi30qT+rHIDRe0=
-33,59,EAOBxRLstdRLLpIHwsUfgjeB6bU=,ZGHjAHmztCQ4/DpbNaSc7BemiFA=
-33,51,EAOBxRLstdRLLpIHwsUfgjeB6bU=,pZADgeiOQ+rWDmi30qT+rHIDRe0=
-34,53,EAOBxRLstdRLLpIHwsUfgjeB6bU=,pZADgeiOQ+rWDmi30qT+rHIDRe0=
-37,54,EAOBxRLstdRLLpIHwsUfgjeB6bU=,pZADgeiOQ+rWDmi30qT+rHIDRe0=
-37,56,EAOBxRLstdRLLpIHwsUfgjeB6bU=,ZGHjAHmztCQ4/DpbNaSc7BemiFA=
-33,53,EAOBxRLstdRLLpIHwsUfgjeB6bU=,pZADgeiOQ+rWDmi30qT+rHIDRe0=
-35,60,EAOBxRLstdRLLpIHwsUfgjeB6bU=,ZGHjAHmztCQ4/DpbNaSc7BemiFA=
-34,60,EAOBxRLstdRLLpIHwsUfgjeB6bU=,ZGHjAHmztCQ4/DpbNaSc7BemiFA=
-33,60,EAOBxRLstdRLLpIHwsUfgjeB6bU=,ZGHjAHmztCQ4/DpbNaSc7BemiFA=
-35,55,EAOBxRLstdRLLpIHwsUfgjeB6bU=,pZADgeiOQ+rWDmi30qT+rHIDRe0=
-34,55,EAOBxRLstdRLLpIHwsUfgjeB6bU=,pZADgeiOQ+rWDmi30qT+rHIDRe0=
-34,58,EAOBxRLstdRLLpIHwsUfgjeB6bU=,ZGHjAHmztCQ4/DpbNaSc7BemiFA=
-35,54,EAOBxRLstdRLLpIHwsUfgjeB6bU=,pZADgeiOQ+rWDmi30qT+rHIDRe0=
-34,54,EAOBxRLstdRLLpIHwsUfgjeB6bU=,pZADgeiOQ+rWDmi30qT+rHIDRe0=
-33,54,EAOBxRLstdRLLpIHwsUfgjeB6bU=,pZADgeiOQ+rWDmi30qT+rHIDRe0=
-33,58,EAOBxRLstdRLLpIHwsUfgjeB6bU=,ZGHjAHmztCQ4/DpbNaSc7BemiFA=
-33,55,EAOBxRLstdRLLpIHwsUfgjeB6bU=,pZADgeiOQ+rWDmi30qT+rHIDRe0=
-35,56,EAOBxRLstdRLLpIHwsUfgjeB6bU=,ZGHjAHmztCQ4/DpbNaSc7BemiFA=
-34,56,EAOBxRLstdRLLpIHwsUfgjeB6bU=,ZGHjAHmztCQ4/DpbNaSc7BemiFA=
-33,56,EAOBxRLstdRLLpIHwsUfgjeB6bU=,ZGHjAHmztCQ4/DpbNaSc7BemiFA=
-35,58,EAOBxRLstdRLLpIHwsUfgjeB6bU=,ZGHjAHmztCQ4/DpbNaSc7BemiFA=
-35,57,EAOBxRLstdRLLpIHwsUfgjeB6bU=,ZGHjAHmztCQ4/DpbNaSc7BemiFA=
-34,57,EAOBxRLstdRLLpIHwsUfgjeB6bU=,ZGHjAHmztCQ4/DpbNaSc7BemiFA=
-33,57,EAOBxRLstdRLLpIHwsUfgjeB6bU=,ZGHjAHmztCQ4/DpbNaSc7BemiFA=
-36,56,EAOBxRLstdRLLpIHwsUfgjeB6bU=,ZGHjAHmztCQ4/DpbNaSc7BemiFA=
-36,52,EAOBxRLstdRLLpIHwsUfgjeB6bU=,pZADgeiOQ+rWDmi30qT+rHIDRe0=
-36,54,EAOBxRLstdRLLpIHwsUfgjeB6bU=,pZADgeiOQ+rWDmi30qT+rHIDRe0=
-35,52,EAOBxRLstdRLLpIHwsUfgjeB6bU=,pZADgeiOQ+rWDmi30qT+rHIDRe0=
-37,52,EAOBxRLstdRLLpIHwsUfgjeB6bU=,pZADgeiOQ+rWDmi30qT+rHIDRe0=
-38,55,EAOBxRLstdRLLpIHwsUfgjeB6bU=,pZADgeiOQ+rWDmi30qT+rHIDRe0=
-41,55,EAOBxRLstdRLLpIHwsUfgjeB6bU=,wq6xNmX+sRGfiylO3O5kXep/p04=
-41,58,EAOBxRLstdRLLpIHwsUfgjeB6bU=,+Cfba7/UZcDa6X7vlOus8h7O3PI=
-42,58,EAOBxRLstdRLLpIHwsUfgjeB6bU=,+Cfba7/UZcDa6X7vlOus8h7O3PI=
-38,57,EAOBxRLstdRLLpIHwsUfgjeB6bU=,ZGHjAHmztCQ4/DpbNaSc7BemiFA=
-42,55,EAOBxRLstdRLLpIHwsUfgjeB6bU=,wq6xNmX+sRGfiylO3O5kXep/p04=
-39,57,EAOBxRLstdRLLpIHwsUfgjeB6bU=,ZGHjAHmztCQ4/DpbNaSc7BemiFA=
-48,54,EAOBxRLstdRLLpIHwsUfgjeB6bU=,wq6xNmX+sRGfiylO3O5kXep/p04=
-40,58,EAOBxRLstdRLLpIHwsUfgjeB6bU=,ZGHjAHmztCQ4/DpbNaSc7BemiFA=
-38,51,EAOBxRLstdRLLpIHwsUfgjeB6bU=,pZADgeiOQ+rWDmi30qT+rHIDRe0=
-40,57,EAOBxRLstdRLLpIHwsUfgjeB6bU=,ZGHjAHmztCQ4/DpbNaSc7BemiFA=
-43,55,EAOBxRLstdRLLpIHwsUfgjeB6bU=,wq6xNmX+sRGfiylO3O5kXep/p04=
-48,56,EAOBxRLstdRLLpIHwsUfgjeB6bU=,+Cfba7/UZcDa6X7vlOus8h7O3PI=
-39,53,EAOBxRLstdRLLpIHwsUfgjeB6bU=,pZADgeiOQ+rWDmi30qT+rHIDRe0=
-37,61,EAOBxRLstdRLLpIHwsUfgjeB6bU=,ZGHjAHmztCQ4/DpbNaSc7BemiFA=
-36,61,EAOBxRLstdRLLpIHwsUfgjeB6bU=,ZGHjAHmztCQ4/DpbNaSc7BemiFA=
-36,62,EAOBxRLstdRLLpIHwsUfgjeB6bU=,ZGHjAHmztCQ4/DpbNaSc7BemiFA=
-37,62,EAOBxRLstdRLLpIHwsUfgjeB6bU=,ZGHjAHmztCQ4/DpbNaSc7BemiFA=
-36,63,EAOBxRLstdRLLpIHwsUfgjeB6bU=,ZGHjAHmztCQ4/DpbNaSc7BemiFA=
-37,63,EAOBxRLstdRLLpIHwsUfgjeB6bU=,ZGHjAHmztCQ4/DpbNaSc7BemiFA=
-48,55,EAOBxRLstdRLLpIHwsUfgjeB6bU=,wq6xNmX+sRGfiylO3O5kXep/p04=
-39,51,EAOBxRLstdRLLpIHwsUfgjeB6bU=,pZADgeiOQ+rWDmi30qT+rHIDRe0=
-47,53,EAOBxRLstdRLLpIHwsUfgjeB6bU=,wq6xNmX+sRGfiylO3O5kXep/p04=
-43,58,EAOBxRLstdRLLpIHwsUfgjeB6bU=,+Cfba7/UZcDa6X7vlOus8h7O3PI=
-47,56,EAOBxRLstdRLLpIHwsUfgjeB6bU=,+Cfba7/UZcDa6X7vlOus8h7O3PI=
-39,55,EAOBxRLstdRLLpIHwsUfgjeB6bU=,pZADgeiOQ+rWDmi30qT+rHIDRe0=
-40,51,EAOBxRLstdRLLpIHwsUfgjeB6bU=,pZADgeiOQ+rWDmi30qT+rHIDRe0=
-40,55,EAOBxRLstdRLLpIHwsUfgjeB6bU=,pZADgeiOQ+rWDmi30qT+rHIDRe0=
-47,54,EAOBxRLstdRLLpIHwsUfgjeB6bU=,wq6xNmX+sRGfiylO3O5kXep/p04=
-41,54,EAOBxRLstdRLLpIHwsUfgjeB6bU=,wq6xNmX+sRGfiylO3O5kXep/p04=
-42,54,EAOBxRLstdRLLpIHwsUfgjeB6bU=,wq6xNmX+sRGfiylO3O5kXep/p04=
-40,53,EAOBxRLstdRLLpIHwsUfgjeB6bU=,pZADgeiOQ+rWDmi30qT+rHIDRe0=
-44,58,EAOBxRLstdRLLpIHwsUfgjeB6bU=,+Cfba7/UZcDa6X7vlOus8h7O3PI=
-48,53,EAOBxRLstdRLLpIHwsUfgjeB6bU=,wq6xNmX+sRGfiylO3O5kXep/p04=
-38,53,EAOBxRLstdRLLpIHwsUfgjeB6bU=,pZADgeiOQ+rWDmi30qT+rHIDRe0=
-41,53,EAOBxRLstdRLLpIHwsUfgjeB6bU=,wq6xNmX+sRGfiylO3O5kXep/p04=
-44,55,EAOBxRLstdRLLpIHwsUfgjeB6bU=,wq6xNmX+sRGfiylO3O5kXep/p04=
-45,58,EAOBxRLstdRLLpIHwsUfgjeB6bU=,+Cfba7/UZcDa6X7vlOus8h7O3PI=
-42,53,EAOBxRLstdRLLpIHwsUfgjeB6bU=,wq6xNmX+sRGfiylO3O5kXep/p04=
-41,52,EAOBxRLstdRLLpIHwsUfgjeB6bU=,wq6xNmX+sRGfiylO3O5kXep/p04=
-39,58,EAOBxRLstdRLLpIHwsUfgjeB6bU=,ZGHjAHmztCQ4/DpbNaSc7BemiFA=
-47,55,EAOBxRLstdRLLpIHwsUfgjeB6bU=,wq6xNmX+sRGfiylO3O5kXep/p04=
-46,56,EAOBxRLstdRLLpIHwsUfgjeB6bU=,+Cfba7/UZcDa6X7vlOus8h7O3PI=
-45,55,EAOBxRLstdRLLpIHwsUfgjeB6bU=,wq6xNmX+sRGfiylO3O5kXep/p04=
-46,58,EAOBxRLstdRLLpIHwsUfgjeB6bU=,+Cfba7/UZcDa6X7vlOus8h7O3PI=
-46,55,EAOBxRLstdRLLpIHwsUfgjeB6bU=,wq6xNmX+sRGfiylO3O5kXep/p04=
-47,58,EAOBxRLstdRLLpIHwsUfgjeB6bU=,+Cfba7/UZcDa6X7vlOus8h7O3PI=
-43,53,EAOBxRLstdRLLpIHwsUfgjeB6bU=,wq6xNmX+sRGfiylO3O5kXep/p04=
-42,52,EAOBxRLstdRLLpIHwsUfgjeB6bU=,wq6xNmX+sRGfiylO3O5kXep/p04=
-45,50,EAOBxRLstdRLLpIHwsUfgjeB6bU=,wq6xNmX+sRGfiylO3O5kXep/p04=
-44,52,EAOBxRLstdRLLpIHwsUfgjeB6bU=,wq6xNmX+sRGfiylO3O5kXep/p04=
-47,52,EAOBxRLstdRLLpIHwsUfgjeB6bU=,wq6xNmX+sRGfiylO3O5kXep/p04=
-38,50,EAOBxRLstdRLLpIHwsUfgjeB6bU=,pZADgeiOQ+rWDmi30qT+rHIDRe0=
-44,53,EAOBxRLstdRLLpIHwsUfgjeB6bU=,wq6xNmX+sRGfiylO3O5kXep/p04=
-46,52,EAOBxRLstdRLLpIHwsUfgjeB6bU=,wq6xNmX+sRGfiylO3O5kXep/p04=
-41,57,EAOBxRLstdRLLpIHwsUfgjeB6bU=,+Cfba7/UZcDa6X7vlOus8h7O3PI=
-42,57,EAOBxRLstdRLLpIHwsUfgjeB6bU=,+Cfba7/UZcDa6X7vlOus8h7O3PI=
-45,56,EAOBxRLstdRLLpIHwsUfgjeB6bU=,+Cfba7/UZcDa6X7vlOus8h7O3PI=
-39,50,EAOBxRLstdRLLpIHwsUfgjeB6bU=,pZADgeiOQ+rWDmi30qT+rHIDRe0=
-40,50,EAOBxRLstdRLLpIHwsUfgjeB6bU=,pZADgeiOQ+rWDmi30qT+rHIDRe0=
-43,52,EAOBxRLstdRLLpIHwsUfgjeB6bU=,wq6xNmX+sRGfiylO3O5kXep/p04=
-38,49,EAOBxRLstdRLLpIHwsUfgjeB6bU=,pZADgeiOQ+rWDmi30qT+rHIDRe0=
-48,58,EAOBxRLstdRLLpIHwsUfgjeB6bU=,+Cfba7/UZcDa6X7vlOus8h7O3PI=
-45,52,EAOBxRLstdRLLpIHwsUfgjeB6bU=,wq6xNmX+sRGfiylO3O5kXep/p04=
-43,54,EAOBxRLstdRLLpIHwsUfgjeB6bU=,wq6xNmX+sRGfiylO3O5kXep/p04=
-48,52,EAOBxRLstdRLLpIHwsUfgjeB6bU=,wq6xNmX+sRGfiylO3O5kXep/p04=
-44,56,EAOBxRLstdRLLpIHwsUfgjeB6bU=,+Cfba7/UZcDa6X7vlOus8h7O3PI=
-45,53,EAOBxRLstdRLLpIHwsUfgjeB6bU=,wq6xNmX+sRGfiylO3O5kXep/p04=
-44,50,EAOBxRLstdRLLpIHwsUfgjeB6bU=,wq6xNmX+sRGfiylO3O5kXep/p04=
-42,48,EAOBxRLstdRLLpIHwsUfgjeB6bU=,wq6xNmX+sRGfiylO3O5kXep/p04=
-40,48,EAOBxRLstdRLLpIHwsUfgjeB6bU=,pZADgeiOQ+rWDmi30qT+rHIDRe0=
-39,48,EAOBxRLstdRLLpIHwsUfgjeB6bU=,pZADgeiOQ+rWDmi30qT+rHIDRe0=
-38,48,EAOBxRLstdRLLpIHwsUfgjeB6bU=,pZADgeiOQ+rWDmi30qT+rHIDRe0=
-43,56,EAOBxRLstdRLLpIHwsUfgjeB6bU=,+Cfba7/UZcDa6X7vlOus8h7O3PI=
-42,56,EAOBxRLstdRLLpIHwsUfgjeB6bU=,+Cfba7/UZcDa6X7vlOus8h7O3PI=
-41,56,EAOBxRLstdRLLpIHwsUfgjeB6bU=,+Cfba7/UZcDa6X7vlOus8h7O3PI=
-43,48,EAOBxRLstdRLLpIHwsUfgjeB6bU=,wq6xNmX+sRGfiylO3O5kXep/p04=
-40,49,EAOBxRLstdRLLpIHwsUfgjeB6bU=,pZADgeiOQ+rWDmi30qT+rHIDRe0=
-41,51,EAOBxRLstdRLLpIHwsUfgjeB6bU=,wq6xNmX+sRGfiylO3O5kXep/p04=
-41,48,EAOBxRLstdRLLpIHwsUfgjeB6bU=,wq6xNmX+sRGfiylO3O5kXep/p04=
-39,49,EAOBxRLstdRLLpIHwsUfgjeB6bU=,pZADgeiOQ+rWDmi30qT+rHIDRe0=
-43,49,EAOBxRLstdRLLpIHwsUfgjeB6bU=,wq6xNmX+sRGfiylO3O5kXep/p04=
-43,57,EAOBxRLstdRLLpIHwsUfgjeB6bU=,+Cfba7/UZcDa6X7vlOus8h7O3PI=
-38,58,EAOBxRLstdRLLpIHwsUfgjeB6bU=,ZGHjAHmztCQ4/DpbNaSc7BemiFA=
-41,49,EAOBxRLstdRLLpIHwsUfgjeB6bU=,wq6xNmX+sRGfiylO3O5kXep/p04=
-44,48,EAOBxRLstdRLLpIHwsUfgjeB6bU=,wq6xNmX+sRGfiylO3O5kXep/p04=
-44,49,EAOBxRLstdRLLpIHwsUfgjeB6bU=,wq6xNmX+sRGfiylO3O5kXep/p04=
-45,49,EAOBxRLstdRLLpIHwsUfgjeB6bU=,wq6xNmX+sRGfiylO3O5kXep/p04=
-43,50,EAOBxRLstdRLLpIHwsUfgjeB6bU=,wq6xNmX+sRGfiylO3O5kXep/p04=
-38,54,EAOBxRLstdRLLpIHwsUfgjeB6bU=,pZADgeiOQ+rWDmi30qT+rHIDRe0=
-45,48,EAOBxRLstdRLLpIHwsUfgjeB6bU=,wq6xNmX+sRGfiylO3O5kXep/p04=
-39,56,EAOBxRLstdRLLpIHwsUfgjeB6bU=,ZGHjAHmztCQ4/DpbNaSc7BemiFA=
-42,49,EAOBxRLstdRLLpIHwsUfgjeB6bU=,wq6xNmX+sRGfiylO3O5kXep/p04=
-40,56,EAOBxRLstdRLLpIHwsUfgjeB6bU=,ZGHjAHmztCQ4/DpbNaSc7BemiFA=
-38,56,EAOBxRLstdRLLpIHwsUfgjeB6bU=,ZGHjAHmztCQ4/DpbNaSc7BemiFA=
-42,51,EAOBxRLstdRLLpIHwsUfgjeB6bU=,wq6xNmX+sRGfiylO3O5kXep/p04=
-38,52,EAOBxRLstdRLLpIHwsUfgjeB6bU=,pZADgeiOQ+rWDmi30qT+rHIDRe0=
-47,51,EAOBxRLstdRLLpIHwsUfgjeB6bU=,wq6xNmX+sRGfiylO3O5kXep/p04=
-43,51,EAOBxRLstdRLLpIHwsUfgjeB6bU=,wq6xNmX+sRGfiylO3O5kXep/p04=
-45,57,EAOBxRLstdRLLpIHwsUfgjeB6bU=,+Cfba7/UZcDa6X7vlOus8h7O3PI=
-45,51,EAOBxRLstdRLLpIHwsUfgjeB6bU=,wq6xNmX+sRGfiylO3O5kXep/p04=
-40,54,EAOBxRLstdRLLpIHwsUfgjeB6bU=,pZADgeiOQ+rWDmi30qT+rHIDRe0=
-41,50,EAOBxRLstdRLLpIHwsUfgjeB6bU=,wq6xNmX+sRGfiylO3O5kXep/p04=
-42,50,EAOBxRLstdRLLpIHwsUfgjeB6bU=,wq6xNmX+sRGfiylO3O5kXep/p04=
-44,57,EAOBxRLstdRLLpIHwsUfgjeB6bU=,+Cfba7/UZcDa6X7vlOus8h7O3PI=
-46,51,EAOBxRLstdRLLpIHwsUfgjeB6bU=,wq6xNmX+sRGfiylO3O5kXep/p04=
-48,51,EAOBxRLstdRLLpIHwsUfgjeB6bU=,wq6xNmX+sRGfiylO3O5kXep/p04=
-44,54,EAOBxRLstdRLLpIHwsUfgjeB6bU=,wq6xNmX+sRGfiylO3O5kXep/p04=
-40,52,EAOBxRLstdRLLpIHwsUfgjeB6bU=,pZADgeiOQ+rWDmi30qT+rHIDRe0=
-39,52,EAOBxRLstdRLLpIHwsUfgjeB6bU=,pZADgeiOQ+rWDmi30qT+rHIDRe0=
-46,57,EAOBxRLstdRLLpIHwsUfgjeB6bU=,+Cfba7/UZcDa6X7vlOus8h7O3PI=
-45,54,EAOBxRLstdRLLpIHwsUfgjeB6bU=,wq6xNmX+sRGfiylO3O5kXep/p04=
-46,54,EAOBxRLstdRLLpIHwsUfgjeB6bU=,wq6xNmX+sRGfiylO3O5kXep/p04=
-47,57,EAOBxRLstdRLLpIHwsUfgjeB6bU=,+Cfba7/UZcDa6X7vlOus8h7O3PI=
-39,54,EAOBxRLstdRLLpIHwsUfgjeB6bU=,pZADgeiOQ+rWDmi30qT+rHIDRe0=
-48,57,EAOBxRLstdRLLpIHwsUfgjeB6bU=,+Cfba7/UZcDa6X7vlOus8h7O3PI=
-48,49,EAOBxRLstdRLLpIHwsUfgjeB6bU=,wq6xNmX+sRGfiylO3O5kXep/p04=
-46,53,EAOBxRLstdRLLpIHwsUfgjeB6bU=,wq6xNmX+sRGfiylO3O5kXep/p04=
-47,50,EAOBxRLstdRLLpIHwsUfgjeB6bU=,wq6xNmX+sRGfiylO3O5kXep/p04=
-46,48,EAOBxRLstdRLLpIHwsUfgjeB6bU=,wq6xNmX+sRGfiylO3O5kXep/p04=
-48,48,EAOBxRLstdRLLpIHwsUfgjeB6bU=,wq6xNmX+sRGfiylO3O5kXep/p04=
-48,50,EAOBxRLstdRLLpIHwsUfgjeB6bU=,wq6xNmX+sRGfiylO3O5kXep/p04=
-47,49,EAOBxRLstdRLLpIHwsUfgjeB6bU=,wq6xNmX+sRGfiylO3O5kXep/p04=
-47,48,EAOBxRLstdRLLpIHwsUfgjeB6bU=,wq6xNmX+sRGfiylO3O5kXep/p04=
-44,51,EAOBxRLstdRLLpIHwsUfgjeB6bU=,wq6xNmX+sRGfiylO3O5kXep/p04=
-46,50,EAOBxRLstdRLLpIHwsUfgjeB6bU=,wq6xNmX+sRGfiylO3O5kXep/p04=
-46,49,EAOBxRLstdRLLpIHwsUfgjeB6bU=,wq6xNmX+sRGfiylO3O5kXep/p04=
-35,48,EAOBxRLstdRLLpIHwsUfgjeB6bU=,pZADgeiOQ+rWDmi30qT+rHIDRe0=
-35,49,EAOBxRLstdRLLpIHwsUfgjeB6bU=,pZADgeiOQ+rWDmi30qT+rHIDRe0=
-33,48,EAOBxRLstdRLLpIHwsUfgjeB6bU=,pZADgeiOQ+rWDmi30qT+rHIDRe0=
-34,48,EAOBxRLstdRLLpIHwsUfgjeB6bU=,pZADgeiOQ+rWDmi30qT+rHIDRe0=
-35,50,EAOBxRLstdRLLpIHwsUfgjeB6bU=,pZADgeiOQ+rWDmi30qT+rHIDRe0=
-33,50,EAOBxRLstdRLLpIHwsUfgjeB6bU=,pZADgeiOQ+rWDmi30qT+rHIDRe0=
-33,49,EAOBxRLstdRLLpIHwsUfgjeB6bU=,pZADgeiOQ+rWDmi30qT+rHIDRe0=
-34,49,EAOBxRLstdRLLpIHwsUfgjeB6bU=,pZADgeiOQ+rWDmi30qT+rHIDRe0=
-34,50,EAOBxRLstdRLLpIHwsUfgjeB6bU=,pZADgeiOQ+rWDmi30qT+rHIDRe0=
-42,61,EAOBxRLstdRLLpIHwsUfgjeB6bU=,+Cfba7/UZcDa6X7vlOus8h7O3PI=
-44,61,EAOBxRLstdRLLpIHwsUfgjeB6bU=,+Cfba7/UZcDa6X7vlOus8h7O3PI=
-43,61,EAOBxRLstdRLLpIHwsUfgjeB6bU=,+Cfba7/UZcDa6X7vlOus8h7O3PI=
-45,63,EAOBxRLstdRLLpIHwsUfgjeB6bU=,+Cfba7/UZcDa6X7vlOus8h7O3PI=
-41,62,EAOBxRLstdRLLpIHwsUfgjeB6bU=,+Cfba7/UZcDa6X7vlOus8h7O3PI=
-42,62,EAOBxRLstdRLLpIHwsUfgjeB6bU=,+Cfba7/UZcDa6X7vlOus8h7O3PI=
-43,62,EAOBxRLstdRLLpIHwsUfgjeB6bU=,+Cfba7/UZcDa6X7vlOus8h7O3PI=
-41,61,EAOBxRLstdRLLpIHwsUfgjeB6bU=,+Cfba7/UZcDa6X7vlOus8h7O3PI=
-38,63,EAOBxRLstdRLLpIHwsUfgjeB6bU=,ZGHjAHmztCQ4/DpbNaSc7BemiFA=
-45,61,EAOBxRLstdRLLpIHwsUfgjeB6bU=,+Cfba7/UZcDa6X7vlOus8h7O3PI=
-44,63,EAOBxRLstdRLLpIHwsUfgjeB6bU=,+Cfba7/UZcDa6X7vlOus8h7O3PI=
-44,62,EAOBxRLstdRLLpIHwsUfgjeB6bU=,+Cfba7/UZcDa6X7vlOus8h7O3PI=
-39,63,EAOBxRLstdRLLpIHwsUfgjeB6bU=,ZGHjAHmztCQ4/DpbNaSc7BemiFA=
-38,62,EAOBxRLstdRLLpIHwsUfgjeB6bU=,ZGHjAHmztCQ4/DpbNaSc7BemiFA=
-40,62,EAOBxRLstdRLLpIHwsUfgjeB6bU=,ZGHjAHmztCQ4/DpbNaSc7BemiFA=
-39,62,EAOBxRLstdRLLpIHwsUfgjeB6bU=,ZGHjAHmztCQ4/DpbNaSc7BemiFA=
-38,61,EAOBxRLstdRLLpIHwsUfgjeB6bU=,ZGHjAHmztCQ4/DpbNaSc7BemiFA=
-40,61,EAOBxRLstdRLLpIHwsUfgjeB6bU=,ZGHjAHmztCQ4/DpbNaSc7BemiFA=
-39,61,EAOBxRLstdRLLpIHwsUfgjeB6bU=,ZGHjAHmztCQ4/DpbNaSc7BemiFA=
-40,63,EAOBxRLstdRLLpIHwsUfgjeB6bU=,ZGHjAHmztCQ4/DpbNaSc7BemiFA=
-45,62,EAOBxRLstdRLLpIHwsUfgjeB6bU=,+Cfba7/UZcDa6X7vlOus8h7O3PI=
-41,63,EAOBxRLstdRLLpIHwsUfgjeB6bU=,+Cfba7/UZcDa6X7vlOus8h7O3PI=
-46,61,EAOBxRLstdRLLpIHwsUfgjeB6bU=,+Cfba7/UZcDa6X7vlOus8h7O3PI=
-42,63,EAOBxRLstdRLLpIHwsUfgjeB6bU=,+Cfba7/UZcDa6X7vlOus8h7O3PI=
-47,62,EAOBxRLstdRLLpIHwsUfgjeB6bU=,+Cfba7/UZcDa6X7vlOus8h7O3PI=
-43,63,EAOBxRLstdRLLpIHwsUfgjeB6bU=,+Cfba7/UZcDa6X7vlOus8h7O3PI=
-47,61,EAOBxRLstdRLLpIHwsUfgjeB6bU=,+Cfba7/UZcDa6X7vlOus8h7O3PI=
-48,61,EAOBxRLstdRLLpIHwsUfgjeB6bU=,+Cfba7/UZcDa6X7vlOus8h7O3PI=
-46,62,EAOBxRLstdRLLpIHwsUfgjeB6bU=,+Cfba7/UZcDa6X7vlOus8h7O3PI=
-48,62,EAOBxRLstdRLLpIHwsUfgjeB6bU=,+Cfba7/UZcDa6X7vlOus8h7O3PI=
-48,63,EAOBxRLstdRLLpIHwsUfgjeB6bU=,+Cfba7/UZcDa6X7vlOus8h7O3PI=
-46,63,EAOBxRLstdRLLpIHwsUfgjeB6bU=,+Cfba7/UZcDa6X7vlOus8h7O3PI=
-47,63,EAOBxRLstdRLLpIHwsUfgjeB6bU=,+Cfba7/UZcDa6X7vlOus8h7O3PI=
-34,63,EAOBxRLstdRLLpIHwsUfgjeB6bU=,ZGHjAHmztCQ4/DpbNaSc7BemiFA=
-33,62,EAOBxRLstdRLLpIHwsUfgjeB6bU=,ZGHjAHmztCQ4/DpbNaSc7BemiFA=
-34,62,EAOBxRLstdRLLpIHwsUfgjeB6bU=,ZGHjAHmztCQ4/DpbNaSc7BemiFA=
-34,61,EAOBxRLstdRLLpIHwsUfgjeB6bU=,ZGHjAHmztCQ4/DpbNaSc7BemiFA=
-35,62,EAOBxRLstdRLLpIHwsUfgjeB6bU=,ZGHjAHmztCQ4/DpbNaSc7BemiFA=
-35,63,EAOBxRLstdRLLpIHwsUfgjeB6bU=,ZGHjAHmztCQ4/DpbNaSc7BemiFA=
-33,63,EAOBxRLstdRLLpIHwsUfgjeB6bU=,ZGHjAHmztCQ4/DpbNaSc7BemiFA=
-33,61,EAOBxRLstdRLLpIHwsUfgjeB6bU=,ZGHjAHmztCQ4/DpbNaSc7BemiFA=
-35,61,EAOBxRLstdRLLpIHwsUfgjeB6bU=,ZGHjAHmztCQ4/DpbNaSc7BemiFA=
-45,35,GPu2REP80WwevEdgJrh2IraPFhc=,y5gd0A7VUNwbyXHUmwiXjz8RgTs=
-44,35,GPu2REP80WwevEdgJrh2IraPFhc=,y5gd0A7VUNwbyXHUmwiXjz8RgTs=
-45,36,GPu2REP80WwevEdgJrh2IraPFhc=,y5gd0A7VUNwbyXHUmwiXjz8RgTs=
-44,36,GPu2REP80WwevEdgJrh2IraPFhc=,y5gd0A7VUNwbyXHUmwiXjz8RgTs=
-45,40,GPu2REP80WwevEdgJrh2IraPFhc=,9/fXe9k+VZgUhlEAgQqvBZ2Zzf4=
-45,39,GPu2REP80WwevEdgJrh2IraPFhc=,y5gd0A7VUNwbyXHUmwiXjz8RgTs=
-44,40,GPu2REP80WwevEdgJrh2IraPFhc=,9/fXe9k+VZgUhlEAgQqvBZ2Zzf4=
-45,38,GPu2REP80WwevEdgJrh2IraPFhc=,y5gd0A7VUNwbyXHUmwiXjz8RgTs=
-44,39,GPu2REP80WwevEdgJrh2IraPFhc=,y5gd0A7VUNwbyXHUmwiXjz8RgTs=
-45,41,GPu2REP80WwevEdgJrh2IraPFhc=,9/fXe9k+VZgUhlEAgQqvBZ2Zzf4=
-45,43,GPu2REP80WwevEdgJrh2IraPFhc=,9/fXe9k+VZgUhlEAgQqvBZ2Zzf4=
-44,43,GPu2REP80WwevEdgJrh2IraPFhc=,9/fXe9k+VZgUhlEAgQqvBZ2Zzf4=
-44,41,GPu2REP80WwevEdgJrh2IraPFhc=,9/fXe9k+VZgUhlEAgQqvBZ2Zzf4=
-44,38,GPu2REP80WwevEdgJrh2IraPFhc=,y5gd0A7VUNwbyXHUmwiXjz8RgTs=
-45,44,GPu2REP80WwevEdgJrh2IraPFhc=,9/fXe9k+VZgUhlEAgQqvBZ2Zzf4=
-44,44,GPu2REP80WwevEdgJrh2IraPFhc=,9/fXe9k+VZgUhlEAgQqvBZ2Zzf4=
-45,42,GPu2REP80WwevEdgJrh2IraPFhc=,9/fXe9k+VZgUhlEAgQqvBZ2Zzf4=
-45,37,GPu2REP80WwevEdgJrh2IraPFhc=,y5gd0A7VUNwbyXHUmwiXjz8RgTs=
-44,37,GPu2REP80WwevEdgJrh2IraPFhc=,y5gd0A7VUNwbyXHUmwiXjz8RgTs=
-44,42,GPu2REP80WwevEdgJrh2IraPFhc=,9/fXe9k+VZgUhlEAgQqvBZ2Zzf4=
-36,35,GPu2REP80WwevEdgJrh2IraPFhc=,trt9Y5qNN1lbiRmncue74g7JoI8=
-37,35,GPu2REP80WwevEdgJrh2IraPFhc=,trt9Y5qNN1lbiRmncue74g7JoI8=
-38,35,GPu2REP80WwevEdgJrh2IraPFhc=,trt9Y5qNN1lbiRmncue74g7JoI8=
-39,35,GPu2REP80WwevEdgJrh2IraPFhc=,trt9Y5qNN1lbiRmncue74g7JoI8=
-40,35,GPu2REP80WwevEdgJrh2IraPFhc=,trt9Y5qNN1lbiRmncue74g7JoI8=
-41,36,GPu2REP80WwevEdgJrh2IraPFhc=,y5gd0A7VUNwbyXHUmwiXjz8RgTs=
-42,36,GPu2REP80WwevEdgJrh2IraPFhc=,y5gd0A7VUNwbyXHUmwiXjz8RgTs=
-43,36,GPu2REP80WwevEdgJrh2IraPFhc=,y5gd0A7VUNwbyXHUmwiXjz8RgTs=
-41,35,GPu2REP80WwevEdgJrh2IraPFhc=,y5gd0A7VUNwbyXHUmwiXjz8RgTs=
-42,35,GPu2REP80WwevEdgJrh2IraPFhc=,y5gd0A7VUNwbyXHUmwiXjz8RgTs=
-36,36,GPu2REP80WwevEdgJrh2IraPFhc=,trt9Y5qNN1lbiRmncue74g7JoI8=
-43,35,GPu2REP80WwevEdgJrh2IraPFhc=,y5gd0A7VUNwbyXHUmwiXjz8RgTs=
-37,36,GPu2REP80WwevEdgJrh2IraPFhc=,trt9Y5qNN1lbiRmncue74g7JoI8=
-38,36,GPu2REP80WwevEdgJrh2IraPFhc=,trt9Y5qNN1lbiRmncue74g7JoI8=
-39,36,GPu2REP80WwevEdgJrh2IraPFhc=,trt9Y5qNN1lbiRmncue74g7JoI8=
-40,36,GPu2REP80WwevEdgJrh2IraPFhc=,trt9Y5qNN1lbiRmncue74g7JoI8=
-35,35,GPu2REP80WwevEdgJrh2IraPFhc=,trt9Y5qNN1lbiRmncue74g7JoI8=
-34,35,GPu2REP80WwevEdgJrh2IraPFhc=,trt9Y5qNN1lbiRmncue74g7JoI8=
-33,35,GPu2REP80WwevEdgJrh2IraPFhc=,trt9Y5qNN1lbiRmncue74g7JoI8=
-35,36,GPu2REP80WwevEdgJrh2IraPFhc=,trt9Y5qNN1lbiRmncue74g7JoI8=
-34,36,GPu2REP80WwevEdgJrh2IraPFhc=,trt9Y5qNN1lbiRmncue74g7JoI8=
-33,36,GPu2REP80WwevEdgJrh2IraPFhc=,trt9Y5qNN1lbiRmncue74g7JoI8=
-37,32,GPu2REP80WwevEdgJrh2IraPFhc=,trt9Y5qNN1lbiRmncue74g7JoI8=
-36,32,GPu2REP80WwevEdgJrh2IraPFhc=,trt9Y5qNN1lbiRmncue74g7JoI8=
-37,33,GPu2REP80WwevEdgJrh2IraPFhc=,trt9Y5qNN1lbiRmncue74g7JoI8=
-36,33,GPu2REP80WwevEdgJrh2IraPFhc=,trt9Y5qNN1lbiRmncue74g7JoI8=
-37,34,GPu2REP80WwevEdgJrh2IraPFhc=,trt9Y5qNN1lbiRmncue74g7JoI8=
-36,34,GPu2REP80WwevEdgJrh2IraPFhc=,trt9Y5qNN1lbiRmncue74g7JoI8=
-36,37,GPu2REP80WwevEdgJrh2IraPFhc=,trt9Y5qNN1lbiRmncue74g7JoI8=
-37,37,GPu2REP80WwevEdgJrh2IraPFhc=,trt9Y5qNN1lbiRmncue74g7JoI8=
-37,39,GPu2REP80WwevEdgJrh2IraPFhc=,trt9Y5qNN1lbiRmncue74g7JoI8=
-37,43,GPu2REP80WwevEdgJrh2IraPFhc=,A2cut6qsETwaZ3Cl/LK4d0U7isk=
-38,37,GPu2REP80WwevEdgJrh2IraPFhc=,trt9Y5qNN1lbiRmncue74g7JoI8=
-38,39,GPu2REP80WwevEdgJrh2IraPFhc=,trt9Y5qNN1lbiRmncue74g7JoI8=
-39,37,GPu2REP80WwevEdgJrh2IraPFhc=,trt9Y5qNN1lbiRmncue74g7JoI8=
-39,41,GPu2REP80WwevEdgJrh2IraPFhc=,A2cut6qsETwaZ3Cl/LK4d0U7isk=
-40,41,GPu2REP80WwevEdgJrh2IraPFhc=,A2cut6qsETwaZ3Cl/LK4d0U7isk=
-39,39,GPu2REP80WwevEdgJrh2IraPFhc=,trt9Y5qNN1lbiRmncue74g7JoI8=
-38,43,GPu2REP80WwevEdgJrh2IraPFhc=,A2cut6qsETwaZ3Cl/LK4d0U7isk=
-41,42,GPu2REP80WwevEdgJrh2IraPFhc=,9/fXe9k+VZgUhlEAgQqvBZ2Zzf4=
-42,42,vmAxF2ejRgkEu42IoP87Nz6xBgQ=,9/fXe9k+VZgUhlEAgQqvBZ2Zzf4=
-40,39,vmAxF2ejRgkEu42IoP87Nz6xBgQ=,trt9Y5qNN1lbiRmncue74g7JoI8=
-41,37,vmAxF2ejRgkEu42IoP87Nz6xBgQ=,y5gd0A7VUNwbyXHUmwiXjz8RgTs=
-42,37,vmAxF2ejRgkEu42IoP87Nz6xBgQ=,y5gd0A7VUNwbyXHUmwiXjz8RgTs=
-43,37,vmAxF2ejRgkEu42IoP87Nz6xBgQ=,y5gd0A7VUNwbyXHUmwiXjz8RgTs=
-33,39,vmAxF2ejRgkEu42IoP87Nz6xBgQ=,trt9Y5qNN1lbiRmncue74g7JoI8=
-34,41,vmAxF2ejRgkEu42IoP87Nz6xBgQ=,A2cut6qsETwaZ3Cl/LK4d0U7isk=
-33,38,vmAxF2ejRgkEu42IoP87Nz6xBgQ=,trt9Y5qNN1lbiRmncue74g7JoI8=
-40,37,vmAxF2ejRgkEu42IoP87Nz6xBgQ=,trt9Y5qNN1lbiRmncue74g7JoI8=
-43,42,vmAxF2ejRgkEu42IoP87Nz6xBgQ=,9/fXe9k+VZgUhlEAgQqvBZ2Zzf4=
-33,41,vmAxF2ejRgkEu42IoP87Nz6xBgQ=,A2cut6qsETwaZ3Cl/LK4d0U7isk=
-39,43,vmAxF2ejRgkEu42IoP87Nz6xBgQ=,A2cut6qsETwaZ3Cl/LK4d0U7isk=
-38,40,vmAxF2ejRgkEu42IoP87Nz6xBgQ=,A2cut6qsETwaZ3Cl/LK4d0U7isk=
-40,43,vmAxF2ejRgkEu42IoP87Nz6xBgQ=,A2cut6qsETwaZ3Cl/LK4d0U7isk=
-37,41,vmAxF2ejRgkEu42IoP87Nz6xBgQ=,A2cut6qsETwaZ3Cl/LK4d0U7isk=
-37,40,vmAxF2ejRgkEu42IoP87Nz6xBgQ=,A2cut6qsETwaZ3Cl/LK4d0U7isk=
-35,38,vmAxF2ejRgkEu42IoP87Nz6xBgQ=,trt9Y5qNN1lbiRmncue74g7JoI8=
-34,40,vmAxF2ejRgkEu42IoP87Nz6xBgQ=,A2cut6qsETwaZ3Cl/LK4d0U7isk=
-36,41,vmAxF2ejRgkEu42IoP87Nz6xBgQ=,A2cut6qsETwaZ3Cl/LK4d0U7isk=
-35,40,vmAxF2ejRgkEu42IoP87Nz6xBgQ=,A2cut6qsETwaZ3Cl/LK4d0U7isk=
-35,41,vmAxF2ejRgkEu42IoP87Nz6xBgQ=,A2cut6qsETwaZ3Cl/LK4d0U7isk=
-38,41,vmAxF2ejRgkEu42IoP87Nz6xBgQ=,A2cut6qsETwaZ3Cl/LK4d0U7isk=
-41,44,vmAxF2ejRgkEu42IoP87Nz6xBgQ=,9/fXe9k+VZgUhlEAgQqvBZ2Zzf4=
-42,44,vmAxF2ejRgkEu42IoP87Nz6xBgQ=,9/fXe9k+VZgUhlEAgQqvBZ2Zzf4=
-43,44,vmAxF2ejRgkEu42IoP87Nz6xBgQ=,9/fXe9k+VZgUhlEAgQqvBZ2Zzf4=
-36,40,vmAxF2ejRgkEu42IoP87Nz6xBgQ=,A2cut6qsETwaZ3Cl/LK4d0U7isk=
-41,41,vmAxF2ejRgkEu42IoP87Nz6xBgQ=,9/fXe9k+VZgUhlEAgQqvBZ2Zzf4=
-39,40,vmAxF2ejRgkEu42IoP87Nz6xBgQ=,A2cut6qsETwaZ3Cl/LK4d0U7isk=
-42,41,vmAxF2ejRgkEu42IoP87Nz6xBgQ=,9/fXe9k+VZgUhlEAgQqvBZ2Zzf4=
-40,40,vmAxF2ejRgkEu42IoP87Nz6xBgQ=,A2cut6qsETwaZ3Cl/LK4d0U7isk=
-43,41,vmAxF2ejRgkEu42IoP87Nz6xBgQ=,9/fXe9k+VZgUhlEAgQqvBZ2Zzf4=
-34,38,vmAxF2ejRgkEu42IoP87Nz6xBgQ=,trt9Y5qNN1lbiRmncue74g7JoI8=
-37,42,vmAxF2ejRgkEu42IoP87Nz6xBgQ=,A2cut6qsETwaZ3Cl/LK4d0U7isk=
-33,40,vmAxF2ejRgkEu42IoP87Nz6xBgQ=,A2cut6qsETwaZ3Cl/LK4d0U7isk=
-37,38,vmAxF2ejRgkEu42IoP87Nz6xBgQ=,trt9Y5qNN1lbiRmncue74g7JoI8=
-33,42,vmAxF2ejRgkEu42IoP87Nz6xBgQ=,A2cut6qsETwaZ3Cl/LK4d0U7isk=
-37,45,vmAxF2ejRgkEu42IoP87Nz6xBgQ=,A2cut6qsETwaZ3Cl/LK4d0U7isk=
-36,45,vmAxF2ejRgkEu42IoP87Nz6xBgQ=,A2cut6qsETwaZ3Cl/LK4d0U7isk=
-35,39,vmAxF2ejRgkEu42IoP87Nz6xBgQ=,trt9Y5qNN1lbiRmncue74g7JoI8=
-36,47,vmAxF2ejRgkEu42IoP87Nz6xBgQ=,A2cut6qsETwaZ3Cl/LK4d0U7isk=
-41,45,vmAxF2ejRgkEu42IoP87Nz6xBgQ=,9/fXe9k+VZgUhlEAgQqvBZ2Zzf4=
-45,46,vmAxF2ejRgkEu42IoP87Nz6xBgQ=,9/fXe9k+VZgUhlEAgQqvBZ2Zzf4=
-42,45,vmAxF2ejRgkEu42IoP87Nz6xBgQ=,9/fXe9k+VZgUhlEAgQqvBZ2Zzf4=
-43,45,vmAxF2ejRgkEu42IoP87Nz6xBgQ=,9/fXe9k+VZgUhlEAgQqvBZ2Zzf4=
-41,39,vmAxF2ejRgkEu42IoP87Nz6xBgQ=,y5gd0A7VUNwbyXHUmwiXjz8RgTs=
-44,45,vmAxF2ejRgkEu42IoP87Nz6xBgQ=,9/fXe9k+VZgUhlEAgQqvBZ2Zzf4=
-45,45,vmAxF2ejRgkEu42IoP87Nz6xBgQ=,9/fXe9k+VZgUhlEAgQqvBZ2Zzf4=
-37,46,vmAxF2ejRgkEu42IoP87Nz6xBgQ=,A2cut6qsETwaZ3Cl/LK4d0U7isk=
-37,47,vmAxF2ejRgkEu42IoP87Nz6xBgQ=,A2cut6qsETwaZ3Cl/LK4d0U7isk=
-35,42,vmAxF2ejRgkEu42IoP87Nz6xBgQ=,A2cut6qsETwaZ3Cl/LK4d0U7isk=
-42,39,vmAxF2ejRgkEu42IoP87Nz6xBgQ=,y5gd0A7VUNwbyXHUmwiXjz8RgTs=
-44,46,vmAxF2ejRgkEu42IoP87Nz6xBgQ=,9/fXe9k+VZgUhlEAgQqvBZ2Zzf4=
-38,46,vmAxF2ejRgkEu42IoP87Nz6xBgQ=,A2cut6qsETwaZ3Cl/LK4d0U7isk=
-42,47,vmAxF2ejRgkEu42IoP87Nz6xBgQ=,9/fXe9k+VZgUhlEAgQqvBZ2Zzf4=
-41,47,vmAxF2ejRgkEu42IoP87Nz6xBgQ=,9/fXe9k+VZgUhlEAgQqvBZ2Zzf4=
-43,47,vmAxF2ejRgkEu42IoP87Nz6xBgQ=,9/fXe9k+VZgUhlEAgQqvBZ2Zzf4=
-40,47,vmAxF2ejRgkEu42IoP87Nz6xBgQ=,A2cut6qsETwaZ3Cl/LK4d0U7isk=
-38,47,vmAxF2ejRgkEu42IoP87Nz6xBgQ=,A2cut6qsETwaZ3Cl/LK4d0U7isk=
-43,46,vmAxF2ejRgkEu42IoP87Nz6xBgQ=,9/fXe9k+VZgUhlEAgQqvBZ2Zzf4=
-39,47,vmAxF2ejRgkEu42IoP87Nz6xBgQ=,A2cut6qsETwaZ3Cl/LK4d0U7isk=
-36,46,vmAxF2ejRgkEu42IoP87Nz6xBgQ=,A2cut6qsETwaZ3Cl/LK4d0U7isk=
-36,42,vmAxF2ejRgkEu42IoP87Nz6xBgQ=,A2cut6qsETwaZ3Cl/LK4d0U7isk=
-42,46,vmAxF2ejRgkEu42IoP87Nz6xBgQ=,9/fXe9k+VZgUhlEAgQqvBZ2Zzf4=
-38,45,vmAxF2ejRgkEu42IoP87Nz6xBgQ=,A2cut6qsETwaZ3Cl/LK4d0U7isk=
-39,46,vmAxF2ejRgkEu42IoP87Nz6xBgQ=,A2cut6qsETwaZ3Cl/LK4d0U7isk=
-39,45,vmAxF2ejRgkEu42IoP87Nz6xBgQ=,A2cut6qsETwaZ3Cl/LK4d0U7isk=
-40,45,vmAxF2ejRgkEu42IoP87Nz6xBgQ=,A2cut6qsETwaZ3Cl/LK4d0U7isk=
-41,38,vmAxF2ejRgkEu42IoP87Nz6xBgQ=,y5gd0A7VUNwbyXHUmwiXjz8RgTs=
-38,38,vmAxF2ejRgkEu42IoP87Nz6xBgQ=,trt9Y5qNN1lbiRmncue74g7JoI8=
-41,43,vmAxF2ejRgkEu42IoP87Nz6xBgQ=,9/fXe9k+VZgUhlEAgQqvBZ2Zzf4=
-39,38,vmAxF2ejRgkEu42IoP87Nz6xBgQ=,trt9Y5qNN1lbiRmncue74g7JoI8=
-43,38,vmAxF2ejRgkEu42IoP87Nz6xBgQ=,y5gd0A7VUNwbyXHUmwiXjz8RgTs=
-42,43,vmAxF2ejRgkEu42IoP87Nz6xBgQ=,9/fXe9k+VZgUhlEAgQqvBZ2Zzf4=
-42,38,vmAxF2ejRgkEu42IoP87Nz6xBgQ=,y5gd0A7VUNwbyXHUmwiXjz8RgTs=
-43,43,vmAxF2ejRgkEu42IoP87Nz6xBgQ=,9/fXe9k+VZgUhlEAgQqvBZ2Zzf4=
-43,39,vmAxF2ejRgkEu42IoP87Nz6xBgQ=,y5gd0A7VUNwbyXHUmwiXjz8RgTs=
-40,38,vmAxF2ejRgkEu42IoP87Nz6xBgQ=,trt9Y5qNN1lbiRmncue74g7JoI8=
-41,40,vmAxF2ejRgkEu42IoP87Nz6xBgQ=,9/fXe9k+VZgUhlEAgQqvBZ2Zzf4=
-42,40,vmAxF2ejRgkEu42IoP87Nz6xBgQ=,9/fXe9k+VZgUhlEAgQqvBZ2Zzf4=
-38,44,vmAxF2ejRgkEu42IoP87Nz6xBgQ=,A2cut6qsETwaZ3Cl/LK4d0U7isk=
-39,44,vmAxF2ejRgkEu42IoP87Nz6xBgQ=,A2cut6qsETwaZ3Cl/LK4d0U7isk=
-40,44,vmAxF2ejRgkEu42IoP87Nz6xBgQ=,A2cut6qsETwaZ3Cl/LK4d0U7isk=
-45,47,vmAxF2ejRgkEu42IoP87Nz6xBgQ=,9/fXe9k+VZgUhlEAgQqvBZ2Zzf4=
-41,46,vmAxF2ejRgkEu42IoP87Nz6xBgQ=,9/fXe9k+VZgUhlEAgQqvBZ2Zzf4=
-43,40,vmAxF2ejRgkEu42IoP87Nz6xBgQ=,9/fXe9k+VZgUhlEAgQqvBZ2Zzf4=
-37,44,vmAxF2ejRgkEu42IoP87Nz6xBgQ=,A2cut6qsETwaZ3Cl/LK4d0U7isk=
-38,42,vmAxF2ejRgkEu42IoP87Nz6xBgQ=,A2cut6qsETwaZ3Cl/LK4d0U7isk=
-39,42,vmAxF2ejRgkEu42IoP87Nz6xBgQ=,A2cut6qsETwaZ3Cl/LK4d0U7isk=
-40,46,vmAxF2ejRgkEu42IoP87Nz6xBgQ=,A2cut6qsETwaZ3Cl/LK4d0U7isk=
-36,44,vmAxF2ejRgkEu42IoP87Nz6xBgQ=,A2cut6qsETwaZ3Cl/LK4d0U7isk=
-35,44,vmAxF2ejRgkEu42IoP87Nz6xBgQ=,A2cut6qsETwaZ3Cl/LK4d0U7isk=
-44,47,vmAxF2ejRgkEu42IoP87Nz6xBgQ=,9/fXe9k+VZgUhlEAgQqvBZ2Zzf4=
-40,42,vmAxF2ejRgkEu42IoP87Nz6xBgQ=,A2cut6qsETwaZ3Cl/LK4d0U7isk=
-34,44,vmAxF2ejRgkEu42IoP87Nz6xBgQ=,A2cut6qsETwaZ3Cl/LK4d0U7isk=
-33,44,vmAxF2ejRgkEu42IoP87Nz6xBgQ=,A2cut6qsETwaZ3Cl/LK4d0U7isk=
-33,37,vmAxF2ejRgkEu42IoP87Nz6xBgQ=,trt9Y5qNN1lbiRmncue74g7JoI8=
-35,43,vmAxF2ejRgkEu42IoP87Nz6xBgQ=,A2cut6qsETwaZ3Cl/LK4d0U7isk=
-36,43,vmAxF2ejRgkEu42IoP87Nz6xBgQ=,A2cut6qsETwaZ3Cl/LK4d0U7isk=
-34,42,vmAxF2ejRgkEu42IoP87Nz6xBgQ=,A2cut6qsETwaZ3Cl/LK4d0U7isk=
-34,37,vmAxF2ejRgkEu42IoP87Nz6xBgQ=,trt9Y5qNN1lbiRmncue74g7JoI8=
-36,38,vmAxF2ejRgkEu42IoP87Nz6xBgQ=,trt9Y5qNN1lbiRmncue74g7JoI8=
-36,39,vmAxF2ejRgkEu42IoP87Nz6xBgQ=,trt9Y5qNN1lbiRmncue74g7JoI8=
-33,43,vmAxF2ejRgkEu42IoP87Nz6xBgQ=,A2cut6qsETwaZ3Cl/LK4d0U7isk=
-34,39,vmAxF2ejRgkEu42IoP87Nz6xBgQ=,trt9Y5qNN1lbiRmncue74g7JoI8=
-48,43,vmAxF2ejRgkEu42IoP87Nz6xBgQ=,9/fXe9k+VZgUhlEAgQqvBZ2Zzf4=
-35,37,vmAxF2ejRgkEu42IoP87Nz6xBgQ=,trt9Y5qNN1lbiRmncue74g7JoI8=
-47,43,vmAxF2ejRgkEu42IoP87Nz6xBgQ=,9/fXe9k+VZgUhlEAgQqvBZ2Zzf4=
-47,44,vmAxF2ejRgkEu42IoP87Nz6xBgQ=,9/fXe9k+VZgUhlEAgQqvBZ2Zzf4=
-46,43,vmAxF2ejRgkEu42IoP87Nz6xBgQ=,9/fXe9k+VZgUhlEAgQqvBZ2Zzf4=
-48,44,vmAxF2ejRgkEu42IoP87Nz6xBgQ=,9/fXe9k+VZgUhlEAgQqvBZ2Zzf4=
-46,44,vmAxF2ejRgkEu42IoP87Nz6xBgQ=,9/fXe9k+VZgUhlEAgQqvBZ2Zzf4=
-34,43,vmAxF2ejRgkEu42IoP87Nz6xBgQ=,A2cut6qsETwaZ3Cl/LK4d0U7isk=
-34,34,vmAxF2ejRgkEu42IoP87Nz6xBgQ=,trt9Y5qNN1lbiRmncue74g7JoI8=
-33,34,vmAxF2ejRgkEu42IoP87Nz6xBgQ=,trt9Y5qNN1lbiRmncue74g7JoI8=
-35,34,vmAxF2ejRgkEu42IoP87Nz6xBgQ=,trt9Y5qNN1lbiRmncue74g7JoI8=
-33,33,vmAxF2ejRgkEu42IoP87Nz6xBgQ=,trt9Y5qNN1lbiRmncue74g7JoI8=
-33,32,vmAxF2ejRgkEu42IoP87Nz6xBgQ=,trt9Y5qNN1lbiRmncue74g7JoI8=
-34,32,vmAxF2ejRgkEu42IoP87Nz6xBgQ=,trt9Y5qNN1lbiRmncue74g7JoI8=
-35,33,vmAxF2ejRgkEu42IoP87Nz6xBgQ=,trt9Y5qNN1lbiRmncue74g7JoI8=
-34,33,vmAxF2ejRgkEu42IoP87Nz6xBgQ=,trt9Y5qNN1lbiRmncue74g7JoI8=
-35,32,vmAxF2ejRgkEu42IoP87Nz6xBgQ=,trt9Y5qNN1lbiRmncue74g7JoI8=
-35,45,vmAxF2ejRgkEu42IoP87Nz6xBgQ=,A2cut6qsETwaZ3Cl/LK4d0U7isk=
-46,40,vmAxF2ejRgkEu42IoP87Nz6xBgQ=,9/fXe9k+VZgUhlEAgQqvBZ2Zzf4=
-48,41,vmAxF2ejRgkEu42IoP87Nz6xBgQ=,9/fXe9k+VZgUhlEAgQqvBZ2Zzf4=
-47,41,vmAxF2ejRgkEu42IoP87Nz6xBgQ=,9/fXe9k+VZgUhlEAgQqvBZ2Zzf4=
-46,41,vmAxF2ejRgkEu42IoP87Nz6xBgQ=,9/fXe9k+VZgUhlEAgQqvBZ2Zzf4=
-48,35,vmAxF2ejRgkEu42IoP87Nz6xBgQ=,y5gd0A7VUNwbyXHUmwiXjz8RgTs=
-47,35,vmAxF2ejRgkEu42IoP87Nz6xBgQ=,y5gd0A7VUNwbyXHUmwiXjz8RgTs=
-48,39,vmAxF2ejRgkEu42IoP87Nz6xBgQ=,y5gd0A7VUNwbyXHUmwiXjz8RgTs=
-46,35,vmAxF2ejRgkEu42IoP87Nz6xBgQ=,y5gd0A7VUNwbyXHUmwiXjz8RgTs=
-48,40,vmAxF2ejRgkEu42IoP87Nz6xBgQ=,9/fXe9k+VZgUhlEAgQqvBZ2Zzf4=
-47,39,vmAxF2ejRgkEu42IoP87Nz6xBgQ=,y5gd0A7VUNwbyXHUmwiXjz8RgTs=
-47,42,vmAxF2ejRgkEu42IoP87Nz6xBgQ=,9/fXe9k+VZgUhlEAgQqvBZ2Zzf4=
-48,42,vmAxF2ejRgkEu42IoP87Nz6xBgQ=,9/fXe9k+VZgUhlEAgQqvBZ2Zzf4=
-47,40,vmAxF2ejRgkEu42IoP87Nz6xBgQ=,9/fXe9k+VZgUhlEAgQqvBZ2Zzf4=
-46,37,vmAxF2ejRgkEu42IoP87Nz6xBgQ=,y5gd0A7VUNwbyXHUmwiXjz8RgTs=
-46,42,vmAxF2ejRgkEu42IoP87Nz6xBgQ=,9/fXe9k+VZgUhlEAgQqvBZ2Zzf4=
-46,39,vmAxF2ejRgkEu42IoP87Nz6xBgQ=,y5gd0A7VUNwbyXHUmwiXjz8RgTs=
-48,36,vmAxF2ejRgkEu42IoP87Nz6xBgQ=,y5gd0A7VUNwbyXHUmwiXjz8RgTs=
-47,36,vmAxF2ejRgkEu42IoP87Nz6xBgQ=,y5gd0A7VUNwbyXHUmwiXjz8RgTs=
-46,36,vmAxF2ejRgkEu42IoP87Nz6xBgQ=,y5gd0A7VUNwbyXHUmwiXjz8RgTs=
-48,38,vmAxF2ejRgkEu42IoP87Nz6xBgQ=,y5gd0A7VUNwbyXHUmwiXjz8RgTs=
-48,37,vmAxF2ejRgkEu42IoP87Nz6xBgQ=,y5gd0A7VUNwbyXHUmwiXjz8RgTs=
-47,37,vmAxF2ejRgkEu42IoP87Nz6xBgQ=,y5gd0A7VUNwbyXHUmwiXjz8RgTs=
-47,38,vmAxF2ejRgkEu42IoP87Nz6xBgQ=,y5gd0A7VUNwbyXHUmwiXjz8RgTs=
-33,47,vmAxF2ejRgkEu42IoP87Nz6xBgQ=,A2cut6qsETwaZ3Cl/LK4d0U7isk=
-46,38,vmAxF2ejRgkEu42IoP87Nz6xBgQ=,y5gd0A7VUNwbyXHUmwiXjz8RgTs=
-34,47,vmAxF2ejRgkEu42IoP87Nz6xBgQ=,A2cut6qsETwaZ3Cl/LK4d0U7isk=
-35,47,vmAxF2ejRgkEu42IoP87Nz6xBgQ=,A2cut6qsETwaZ3Cl/LK4d0U7isk=
-34,46,vmAxF2ejRgkEu42IoP87Nz6xBgQ=,A2cut6qsETwaZ3Cl/LK4d0U7isk=
-33,46,vmAxF2ejRgkEu42IoP87Nz6xBgQ=,A2cut6qsETwaZ3Cl/LK4d0U7isk=
-35,46,vmAxF2ejRgkEu42IoP87Nz6xBgQ=,A2cut6qsETwaZ3Cl/LK4d0U7isk=
-34,45,vmAxF2ejRgkEu42IoP87Nz6xBgQ=,A2cut6qsETwaZ3Cl/LK4d0U7isk=
-47,45,vmAxF2ejRgkEu42IoP87Nz6xBgQ=,9/fXe9k+VZgUhlEAgQqvBZ2Zzf4=
-33,45,vmAxF2ejRgkEu42IoP87Nz6xBgQ=,A2cut6qsETwaZ3Cl/LK4d0U7isk=
-48,45,vmAxF2ejRgkEu42IoP87Nz6xBgQ=,9/fXe9k+VZgUhlEAgQqvBZ2Zzf4=
-46,45,vmAxF2ejRgkEu42IoP87Nz6xBgQ=,9/fXe9k+VZgUhlEAgQqvBZ2Zzf4=
-48,46,vmAxF2ejRgkEu42IoP87Nz6xBgQ=,9/fXe9k+VZgUhlEAgQqvBZ2Zzf4=
-39,34,vmAxF2ejRgkEu42IoP87Nz6xBgQ=,trt9Y5qNN1lbiRmncue74g7JoI8=
-38,34,vmAxF2ejRgkEu42IoP87Nz6xBgQ=,trt9Y5qNN1lbiRmncue74g7JoI8=
-38,32,vmAxF2ejRgkEu42IoP87Nz6xBgQ=,trt9Y5qNN1lbiRmncue74g7JoI8=
-38,33,vmAxF2ejRgkEu42IoP87Nz6xBgQ=,trt9Y5qNN1lbiRmncue74g7JoI8=
-39,33,vmAxF2ejRgkEu42IoP87Nz6xBgQ=,trt9Y5qNN1lbiRmncue74g7JoI8=
-40,33,vmAxF2ejRgkEu42IoP87Nz6xBgQ=,trt9Y5qNN1lbiRmncue74g7JoI8=
-40,34,vmAxF2ejRgkEu42IoP87Nz6xBgQ=,trt9Y5qNN1lbiRmncue74g7JoI8=
-40,32,vmAxF2ejRgkEu42IoP87Nz6xBgQ=,trt9Y5qNN1lbiRmncue74g7JoI8=
-42,32,vmAxF2ejRgkEu42IoP87Nz6xBgQ=,y5gd0A7VUNwbyXHUmwiXjz8RgTs=
-39,32,vmAxF2ejRgkEu42IoP87Nz6xBgQ=,trt9Y5qNN1lbiRmncue74g7JoI8=
-41,34,vmAxF2ejRgkEu42IoP87Nz6xBgQ=,y5gd0A7VUNwbyXHUmwiXjz8RgTs=
-41,32,vmAxF2ejRgkEu42IoP87Nz6xBgQ=,y5gd0A7VUNwbyXHUmwiXjz8RgTs=
-48,47,vmAxF2ejRgkEu42IoP87Nz6xBgQ=,9/fXe9k+VZgUhlEAgQqvBZ2Zzf4=
-42,34,vmAxF2ejRgkEu42IoP87Nz6xBgQ=,y5gd0A7VUNwbyXHUmwiXjz8RgTs=
-43,34,vmAxF2ejRgkEu42IoP87Nz6xBgQ=,y5gd0A7VUNwbyXHUmwiXjz8RgTs=
-44,34,vmAxF2ejRgkEu42IoP87Nz6xBgQ=,y5gd0A7VUNwbyXHUmwiXjz8RgTs=
-45,34,vmAxF2ejRgkEu42IoP87Nz6xBgQ=,y5gd0A7VUNwbyXHUmwiXjz8RgTs=
-46,34,vmAxF2ejRgkEu42IoP87Nz6xBgQ=,y5gd0A7VUNwbyXHUmwiXjz8RgTs=
-47,46,vmAxF2ejRgkEu42IoP87Nz6xBgQ=,9/fXe9k+VZgUhlEAgQqvBZ2Zzf4=
-47,34,vmAxF2ejRgkEu42IoP87Nz6xBgQ=,y5gd0A7VUNwbyXHUmwiXjz8RgTs=
-41,33,vmAxF2ejRgkEu42IoP87Nz6xBgQ=,y5gd0A7VUNwbyXHUmwiXjz8RgTs=
-42,33,vmAxF2ejRgkEu42IoP87Nz6xBgQ=,y5gd0A7VUNwbyXHUmwiXjz8RgTs=
-43,33,vmAxF2ejRgkEu42IoP87Nz6xBgQ=,y5gd0A7VUNwbyXHUmwiXjz8RgTs=
-44,33,vmAxF2ejRgkEu42IoP87Nz6xBgQ=,y5gd0A7VUNwbyXHUmwiXjz8RgTs=
-45,33,vmAxF2ejRgkEu42IoP87Nz6xBgQ=,y5gd0A7VUNwbyXHUmwiXjz8RgTs=
-46,47,vmAxF2ejRgkEu42IoP87Nz6xBgQ=,9/fXe9k+VZgUhlEAgQqvBZ2Zzf4=
-47,47,vmAxF2ejRgkEu42IoP87Nz6xBgQ=,9/fXe9k+VZgUhlEAgQqvBZ2Zzf4=
-43,32,vmAxF2ejRgkEu42IoP87Nz6xBgQ=,y5gd0A7VUNwbyXHUmwiXjz8RgTs=
-48,34,vmAxF2ejRgkEu42IoP87Nz6xBgQ=,y5gd0A7VUNwbyXHUmwiXjz8RgTs=
-46,46,vmAxF2ejRgkEu42IoP87Nz6xBgQ=,9/fXe9k+VZgUhlEAgQqvBZ2Zzf4=
-44,32,vmAxF2ejRgkEu42IoP87Nz6xBgQ=,y5gd0A7VUNwbyXHUmwiXjz8RgTs=
-45,32,vmAxF2ejRgkEu42IoP87Nz6xBgQ=,y5gd0A7VUNwbyXHUmwiXjz8RgTs=
-48,33,vmAxF2ejRgkEu42IoP87Nz6xBgQ=,y5gd0A7VUNwbyXHUmwiXjz8RgTs=
-47,33,vmAxF2ejRgkEu42IoP87Nz6xBgQ=,y5gd0A7VUNwbyXHUmwiXjz8RgTs=
-48,32,vmAxF2ejRgkEu42IoP87Nz6xBgQ=,y5gd0A7VUNwbyXHUmwiXjz8RgTs=
-46,33,vmAxF2ejRgkEu42IoP87Nz6xBgQ=,y5gd0A7VUNwbyXHUmwiXjz8RgTs=
-47,32,vmAxF2ejRgkEu42IoP87Nz6xBgQ=,y5gd0A7VUNwbyXHUmwiXjz8RgTs=
-46,32,vmAxF2ejRgkEu42IoP87Nz6xBgQ=,y5gd0A7VUNwbyXHUmwiXjz8RgTs=
